0 1
20 21
32 33
48 49
59 60
62 63
82 83
88 89
95 96
107 108
113 114
107 108
122 96
133 134
137 138
149 150
159 160
176 177
193 160
204 138
211 160
218 219
222 223
224 225
236 134
238 239
245 246
252 253
260 261
269 1
272 273
277 278
287 1
293 294
301 302
306 307
309 310
314 315
323 324
326 327
335 336
341 324
345 346
353 354
355 356
360 150
363 246
364 365
367 368
373 374
379 1
383 384
392 384
394 49
399 160
403 404
408 273
412 413
416 417
423 1
427 160
438 177
441 354
446 447
454 455
456 1
462 150
468 96
469 470
474 475
482 483
485 324
487 488
489 239
492 493
510 511
520 521
528 1
529 530
531 239
533 384
536 537
543 544
551 552
554 555
559 560
565 566
567 568
570 150
574 575
578 579
584 585
591 592
598 599
601 602
608 1
609 610
617 354
618 619
621 89
622 246
623 624
628 511
630 384
631 566
634 599
638 639
643 644
650 537
653 261
654 150
657 658
664 261
671 384
673 261
675 676
681 682
684 685
691 63
693 694
696 599
699 700
701 239
703 704
705 324
707 708
714 134
715 716
719 1
720 721
724 114
729 1
730 89
738 739
740 483
744 745
746 747
755 63
757 239
759 575
761 762
766 354
768 160
770 114
773 261
778 704
781 782
783 96
784 745
786 787
792 1
795 796
798 354
800 801
802 483
804 805
807 346
809 694
810 177
812 813
818 819
827 365
830 831
833 834
841 150
842 843
844 845
846 847
849 96
852 745
853 294
856 801
858 316
861 96
864 354
867 868
870 805
872 873
876 253
878 246
882 599
883 639
887 33
890 592
893 894
903 904
906 745
908 150
910 911
912 160
915 96
919 920
922 923
924 925
929 930
932 307
933 1
935 599
940 941
944 745
945 946
958 160
959 566
963 964
965 160
971 972
974 307
975 745
979 96
982 483
983 96
985 986
987 150
988 544
989 990
992 273
993 219
999 219
1000 417
1004 1005
1007 739
1008 560
1009 1010
1013 33
1014 1015
1018 1019
1020 239
1022 219
1027 160
1028 1029
1032 721
1034 294
1036 261
1037 108
1038 177
1043 33
1044 1045
1048 579
1050 708
1053 745
1057 261
1061 1062
1066 873
1069 239
1072 1073
1075 1076
1082 831
1083 246
1088 160
1091 219
1092 324
1093 1094
1104 261
1107 1108
1109 324
1110 384
1111 1112
1113 246
1114 354
1115 150
1116 964
1118 108
1120 177
1121 1122
1124 261
1125 796
1126 1127
1128 261
1130 307
1132 1133
1134 1135
1138 1139
1140 579
1143 579
1144 834
1145 1146
1149 253
1151 831
1152 261
1158 160
1160 1161
1162 324
1163 150
1165 1166
1167 544
1169 134
1170 1171
1176 160
1177 947
1181 246
1182 150
1184 177
1187 483
1193 134
1194 114
1196 160
1198 354
1200 1201
1202 239
1203 1204
1209 239
1211 1122
1213 483
1214 1215
1217 307
1218 160
1219 990
1220 1221
1222 177
1223 805
1225 1073
1230 1
1231 1232
1235 658
1236 89
1241 114
1242 354
1243 1244
1245 261
1246 246
1249 160
1250 1
1251 579
1252 834
1254 1255
1256 1257
1258 1259
1261 1
1262 354
1263 986
1264 1265
1267 1268
1269 150
1272 150
1274 1
1275 239
1276 307
1278 644
1279 239
1280 1281
1282 150
1283 1076
1285 239
1287 1139
1293 89
1296 1297
1298 447
1299 354
1300 1301
1302 160
1303 1
1307 96
1308 160
1309 566
1312 261
1314 219
1315 239
1316 1317
1318 552
1319 1320
1322 239
1323 1324
1325 1326
1335 246
1337 708
1341 1171
1343 177
1344 150
1345 160
1348 1349
1350 63
1351 1352
1355 599
1356 1357
1360 1361
1363 1073
1366 1367
1370 831
1371 704
1373 1374
1376 1377
1379 261
1380 261
1381 904
1388 1389
1391 925
1393 261
1394 160
1395 294
1397 160
1398 602
1406 1108
1407 1408
1414 1415
1419 483
1422 1
1424 801
1426 160
1431 354
1432 1433
1435 873
1436 1437
1440 1441
1446 483
1448 1449
1450 1451
1452 847
1453 63
1454 1455
1456 1457
1458 1459
1461 114
1464 160
1465 96
1466 1467
1468 1108
1469 745
1472 294
1473 1474
1475 904
1476 114
1478 246
1479 1480
1481 831
1483 1
1486 246
1489 160
1490 1491
1492 1415
1493 1494
1497 831
1498 160
1500 354
1501 346
1502 365
1504 801
1505 831
1506 160
1507 1508
1509 177
1510 1511
1513 1514
1516 324
1518 160
1520 1415
1521 964
1522 150
1523 1524
1525 1
1527 261
1528 1
1529 177
1530 324
1531 239
1532 219
1534 721
1535 160
1536 1
1538 160
1539 1171
1540 96
1542 177
1543 160
1544 964
1549 160
1550 986
1552 964
1553 1265
1554 704
1556 384
1557 941
1560 1561
1562 177
1563 365
1564 1565
1568 1569
1570 150
1573 1574
1575 483
1576 1
1579 239
1580 1581
1583 1415
1584 1585
1586 273
1587 96
1590 1591
1592 160
1593 239
1594 1
1595 745
1596 1597
1599 150
1601 261
1603 324
1604 1605
1608 1609
1610 1611
1612 324
1613 239
1615 1616
1619 96
1620 261
1621 1
1622 404
1624 177
1626 302
1628 1629
1631 644
1632 1633
1634 1635
1636 150
1638 1639
1641 1642
1644 150
1645 384
1646 365
1647 219
1648 1076
1649 33
1650 160
1651 990
1653 745
1654 1076
1655 404
1657 745
1658 1659
1665 365
1667 63
1668 1
1669 177
1670 920
1671 354
1674 33
1675 177
1676 246
1677 708
1679 1680
1681 483
1682 160
1683 1010
1684 1139
1685 1686
1687 219
1688 1
1689 150
1690 63
1691 483
1692 150
1693 138
1694 354
1696 566
1698 253
1700 1701
1702 1703
1704 1705
1706 273
1707 1433
1708 63
1709 1710
1719 831
1721 89
1722 177
1723 483
1724 1725
1727 1076
1730 1073
1731 544
1732 745
1734 911
1740 1741
1743 801
1746 160
1747 831
1749 1750
1752 1753
1754 160
1755 160
1757 150
1759 63
1760 1
1761 1762
1764 704
1766 1767
1769 602
1773 1449
1775 1776
1783 1784
1786 239
1787 1108
1791 1792
1793 1794
1800 1433
1803 365
1808 96
1809 1810
1811 483
1813 294
1814 1815
1816 160
1817 592
1818 219
1819 261
1820 150
1821 150
1823 521
1824 1
1825 1281
1826 560
1827 1828
1829 1830
1834 150
1835 1836
1837 307
1840 1841
1844 1
1845 1846
1849 150
1852 1281
1854 1
1855 114
1857 1815
1858 1859
1860 1585
1861 704
1862 150
1863 1864
1866 566
1867 986
1868 483
1869 63
1870 1830
1874 599
1875 1876
1877 1878
1879 521
1880 1881
1883 1
1885 904
1889 1890
1891 1
1893 150
1894 114
1896 1897
1898 1899
1901 566
1903 1904
1908 33
1911 964
1913 566
1914 273
1916 89
1921 160
1923 599
1926 1927
1928 1929
1931 384
1932 1933
1934 1935
1937 1108
1941 1
1942 1045
1943 1944
1945 904
1946 925
1947 261
1948 579
1950 1010
1951 150
1952 1953
1954 365
1955 160
1956 1957
1958 219
1959 150
1960 307
1962 1585
1963 160
1967 177
1968 801
1969 1122
1971 316
1972 796
1973 261
1974 150
1975 177
1976 1977
1980 49
1982 745
1983 1984
1985 160
1987 560
1988 1841
1989 1990
1993 1265
1994 365
1995 1944
1998 1597
2000 114
2001 2002
2003 114
2004 365
2006 2007
2014 150
2015 925
2017 177
2018 1514
2020 1415
2021 2022
2026 834
2027 1659
2034 2035
2036 831
2037 354
2038 150
2039 294
2040 2041
2042 745
2043 602
2047 1864
2048 796
2050 219
2051 1
2052 261
2054 404
2055 2056
2057 96
2058 2059
2060 694
2061 920
2062 579
2064 324
2065 63
2066 63
2067 177
2068 2069
2071 544
2074 1015
2075 150
2076 150
2079 354
2080 1597
2081 579
2082 2083
2085 177
2086 2087
2088 89
2090 33
2091 2092
2093 246
1658 747
2094 1815
2096 150
2097 2098
2099 708
2100 1514
2102 134
2103 63
2105 261
2106 483
2107 873
2109 177
2110 1045
2111 1881
2112 925
2113 219
2114 324
2115 904
2116 384
2117 2118
2119 2120
2121 845
2122 801
2125 160
2127 1
2128 676
2130 2131
2133 745
2137 261
2138 150
2139 2140
2143 1514
2145 2146
2147 89
2148 1
2149 2150
2154 1762
2155 150
2156 261
2157 2158
2159 1
2160 1171
2161 1045
2164 2165
2166 160
2168 847
2169 1108
2170 150
2171 2172
2174 365
2175 150
2176 599
2177 2178
2179 138
2180 261
2181 384
2183 219
2184 150
2185 483
2186 579
2188 544
2189 619
2190 2191
2192 354
2193 964
2196 150
2197 2198
2199 49
2200 579
2202 1073
2203 796
2204 694
2205 813
2206 2207
2208 114
2209 160
2212 745
2214 63
2215 2216
2223 150
2224 2225
2226 537
2227 108
2228 150
2230 2231
2232 1
2233 150
2235 89
2236 1
2237 114
2238 986
2239 354
2240 1
2241 2242
2243 483
2245 150
2246 150
2247 239
2250 114
1483 1
2252 599
2253 2254
2255 2256
2258 2259
2260 483
2261 721
2265 307
2266 708
2267 33
2270 365
2271 354
2275 2276
2278 2279
2280 2281
2283 114
2284 246
2286 354
2287 150
2288 745
2289 831
2292 114
2293 2294
2295 2296
2297 1
2298 261
2299 1
2300 150
2301 1
2303 302
2304 2305
2306 160
2309 1
2310 1062
2311 1
2312 2313
2315 160
2317 246
2318 745
2319 2320
2328 273
2329 246
2331 150
2332 219
2334 239
2335 261
2336 239
2337 354
2338 96
2343 483
2344 2345
2346 365
2347 2348
2349 2350
2351 2352
2354 150
2357 745
2358 2359
2361 1591
2362 579
2363 2364
2366 2367
2375 873
2376 160
2377 2378
2379 801
2380 544
2381 2382
2385 2386
2387 261
2388 1
2389 246
2390 246
2391 831
2392 324
2395 2396
2397 964
2400 2401
2402 602
2404 2405
2413 521
2414 1201
2415 579
2417 1864
2419 96
2420 1585
2421 96
2423 1815
2424 324
2425 1146
2429 2022
2430 63
2431 2432
2434 2435
2445 801
2446 801
2449 2450
2451 1929
2456 904
2457 2458
2460 831
2461 2462
2469 2470
2472 177
2473 354
2474 354
2475 150
2476 511
2479 160
2480 1281
2482 160
2483 1
2484 253
2485 177
2486 49
2487 160
2488 483
2490 239
2491 96
2492 160
2493 972
2495 1
2496 246
2497 63
2498 511
2499 2500
2501 1585
2502 33
2503 2504
2505 150
2506 964
2507 801
2508 745
2510 365
2511 2512
2513 219
2514 1
2515 745
2517 831
2518 365
2519 2520
2529 2530
2531 114
2532 1815
2533 96
2535 239
2536 1433
2539 511
2540 566
2542 1
2543 160
2544 2545
2546 745
2547 831
2548 261
2549 904
2550 404
2552 239
2553 160
2555 873
2558 33
2559 384
2560 2561
2562 1899
2563 2564
2565 834
2566 2567
2569 354
2571 365
2573 2574
2577 745
2578 2579
2581 745
2585 704
2586 246
2587 1301
2588 575
2589 566
2590 1171
2594 246
2596 1073
2598 160
2599 847
2600 177
2603 1045
2605 990
2606 1
2607 219
2608 1815
2610 544
2613 1265
2616 150
2617 483
2619 624
2620 89
2621 246
2622 219
2624 2625
2626 2627
2628 2629
2630 2631
2632 354
2633 1585
2634 177
2635 160
2636 2637
2638 89
2640 2641
2642 2643
2644 1591
2646 1045
2647 1585
2648 1415
2649 177
2650 160
2651 972
2652 246
2653 33
2654 2655
2657 2658
2660 96
2661 566
2662 831
2663 964
2667 2579
2669 384
2670 2671
2672 941
2673 2674
2675 801
2676 2198
2678 1585
2679 2680
2681 63
2684 160
1908 33
2685 150
2686 1984
2687 177
2688 1
2689 1415
2690 1161
2691 2191
2692 1585
2693 1122
2695 365
2697 2191
2700 1108
2701 2702
2705 2706
2707 602
2713 89
2714 708
2715 150
2717 246
2718 150
2719 177
2720 2721
2723 2724
2726 2727
2728 2729
2730 1
2731 365
2732 592
2734 239
2735 33
2736 2737
2738 911
2740 177
2742 2743
2744 89
2745 261
2746 2747
2748 708
2749 2750
2752 1
2753 2754
2755 704
2756 1815
2758 307
2759 801
2760 114
2761 745
2763 2764
2766 1
2767 904
2768 483
2769 2770
2771 2737
2772 694
2773 2774
2782 2783
2784 1933
2788 404
2790 2791
2794 177
2795 324
2796 1415
2798 925
2802 160
2803 2804
2806 1045
2807 1201
2808 1
2809 805
2810 2811
2812 972
2813 1076
2814 96
2815 219
2816 813
2817 246
2818 2819
2823 483
2824 2825
2826 1585
2827 2828
2829 253
2830 160
2833 530
2834 177
2835 96
2836 2837
2838 1045
2839 2840
2841 2842
2844 805
2845 160
2849 579
2850 2851
2854 404
2855 89
2857 2858
2859 599
2860 324
2861 2083
2863 831
2864 2865
2866 96
2868 150
2869 2870
2871 1415
2872 483
2873 150
2874 566
2875 986
2876 2877
2878 2294
2880 246
2881 307
2882 96
2883 1815
2884 708
2886 1
2887 1
2888 2889
2890 2891
2892 1201
2893 114
2894 658
2895 708
2897 177
2898 384
2899 177
2900 2901
2903 745
2904 579
2905 294
2906 895
2907 745
2909 160
2911 2912
2914 1415
2915 708
2916 2917
2918 2919
2921 307
2923 1171
2924 2925
2932 1076
2933 599
2934 2935
2936 2937
2938 1122
2940 294
2941 1633
2942 1815
2944 246
2945 239
2947 1
2948 2949
2951 2952
2953 324
2954 2955
2957 177
2961 307
2962 566
2963 150
2964 2965
2966 324
2967 2968
2969 1010
2971 2972
2973 796
2974 2975
2978 1
2979 261
2981 986
2982 365
2983 986
2984 150
2985 2986
2987 873
2988 1585
2989 150
2990 324
2991 2992
2993 1076
1145 708
2995 150
2996 2997
2184 150
2998 2999
3001 89
3002 1045
3003 150
3004 579
3005 3006
3008 239
3009 1073
3010 96
3011 273
3013 3014
3015 566
3016 704
3017 1864
3018 3019
3021 96
3022 483
3023 2191
3024 3025
3026 3027
3029 307
3030 49
3031 261
3032 3033
3034 246
3035 3036
3038 745
3039 831
3040 986
3041 63
3042 1449
3043 365
3044 3045
3046 239
3047 160
3048 1597
3051 537
3052 160
3053 3054
3055 986
3056 1201
3057 89
3058 658
3059 160
3060 177
3064 3036
3065 3066
3067 745
3068 307
3069 1878
3070 160
3071 225
3073 447
3074 3075
3076 1073
3077 33
3080 3081
3082 986
3083 1514
3085 1591
3086 1073
3088 1433
3092 3093
3094 2041
3095 246
3096 1139
3097 246
3099 923
3100 619
3101 3102
3103 114
3104 831
3105 384
3106 1
3107 3108
3109 324
3110 114
3111 986
3112 3113
3115 3116
3117 3118
3119 150
3120 1415
3121 246
3122 3123
3124 3125
3126 3127
3128 3129
3131 1108
3132 365
3133 160
3134 483
3135 3136
3137 575
3138 239
3140 704
3141 261
3142 904
3143 2680
3144 114
3146 805
3147 3148
3149 246
3150 150
3151 177
3152 3153
3154 619
3155 3156
3157 150
3158 3159
3160 96
3161 177
3162 537
3163 246
3164 3165
3166 261
3168 925
3169 354
3170 294
3174 3175
3176 1514
3178 177
3179 177
3181 831
3182 2352
3183 3184
3185 986
3186 483
3187 1514
3188 599
3190 721
3191 964
3192 150
3193 745
3194 986
3195 160
3196 2458
3197 246
3198 483
3200 575
3201 261
3203 108
3206 63
3207 3208
3209 1
3210 2986
3211 160
3213 579
3214 114
3215 365
3216 219
3217 1415
3218 925
3219 2242
3220 324
3221 225
3222 972
3223 3224
3225 239
3226 239
3228 3229
3232 3233
3237 1076
3239 986
3240 745
3241 3242
3243 694
3244 177
3245 972
3246 1
3247 33
3248 831
3249 273
3250 1830
3252 704
3253 177
3254 592
3255 150
3256 904
3257 239
3258 354
3259 873
3260 911
3261 354
3262 3263
3264 1
3266 3267
2589 483
3269 1073
3270 3271
3272 3273
3282 3283
3285 3286
3288 2231
3289 219
3290 599
3292 579
3293 1899
3294 246
3295 177
3298 986
3299 114
3300 246
3302 89
3304 3305
3307 964
3310 3311
3312 1
2306 160
3313 1073
3317 1467
3318 3319
3320 708
3323 511
3325 246
3326 3327
3328 1265
3329 3330
3333 160
3334 134
3335 365
3336 3019
3339 3340
3341 160
3342 796
3343 246
3344 3108
3345 1705
1963 160
3346 138
3347 261
3348 246
3350 1
3351 3036
3352 219
3354 1201
3355 1830
3356 354
3360 239
3361 225
3362 160
3364 150
3365 150
3366 150
3367 150
3370 160
3371 3372
3373 239
3374 21
3376 160
3377 511
3378 3379
3380 3381
3384 3385
3386 160
3387 160
3388 177
3389 150
3390 160
3391 150
3392 89
3393 63
3394 1171
3395 354
3396 261
3397 1045
3398 2120
3399 2564
3400 2083
3404 307
3405 3406
3407 544
3409 354
3410 972
3411 1467
3412 483
3413 273
3415 1
3416 294
3417 1076
3418 972
3419 114
3423 134
3424 2965
3425 3426
3427 708
3428 1639
3429 592
3430 483
3431 560
3432 2937
3433 261
3434 831
3435 1
3436 150
3437 1
3439 1
3440 150
3441 904
3442 160
3444 2083
3445 845
3446 1
3447 150
3448 3449
3450 246
3451 3452
3453 1076
3454 89
3455 239
3457 1415
3459 873
3460 96
3461 1935
3463 904
3464 96
3465 307
3466 1281
3467 904
3468 3469
3479 831
3482 239
3484 831
3486 354
3487 177
3488 1045
3489 537
3491 708
3492 49
3493 138
3494 521
3495 150
3496 3497
3498 708
3509 1045
3510 177
3511 1935
3512 537
3513 537
3514 3515
3517 177
3518 3519
3520 745
3521 2458
3523 261
3525 3526
3529 721
3530 150
3531 307
3533 177
3534 831
3535 1045
3536 599
3537 354
3538 96
3541 160
3542 602
3543 3544
3545 177
3546 579
3547 324
3548 49
3549 1
3550 261
3552 354
3553 219
3554 177
3555 3556
3557 114
3558 3559
3560 3561
3562 579
3564 261
3565 972
3566 1201
3567 324
3568 3449
3569 150
3570 160
3571 219
3572 2870
3573 114
3575 972
3576 831
3577 3578
3579 602
3581 3582
3584 745
3586 552
3587 239
3588 3589
3590 150
3591 1
3592 2041
3594 3595
3596 745
3597 3598
3599 33
3600 708
3601 1076
3602 96
3603 1265
3608 294
3611 805
3612 3613
3614 3615
3623 1
3624 3625
3626 3627
3628 1
3629 177
3630 745
3631 3632
3633 3634
3645 324
3647 745
3649 1881
3650 1846
3651 365
3655 1
3656 1108
3657 483
3658 160
3659 150
3660 2627
3661 150
3662 1122
3663 873
3664 2512
3665 3666
3667 3148
3669 261
3670 831
3671 346
3672 3673
3674 365
3675 1171
3677 3175
3678 3679
3680 160
3681 1762
3682 1073
3683 3684
3685 160
3686 150
3688 1073
3689 796
