1709
451
************* 0 *************
787
匹配的药方如下：
786 欧式距离是： 2.3571537523760138
3577 欧式距离是： 2.4103798302680723
699 欧式距离是： 2.4173359752992543
1702 欧式距离是： 2.489389663626746
1267 欧式距离是： 2.506397470951161
2833 欧式距离是： 2.5242473100780254
529 欧式距离是： 2.633307883902236
2511 欧式距离是： 2.6351853782749504
2230 欧式距离是： 2.6448255736486153
2001 欧式距离是： 2.6518082860561245
2888 欧式距离是： 2.6563339377950648
3511 欧式距离是： 2.661041092018282
1138 欧式距离是： 2.672402952530539
2484 欧式距离是： 2.685211534115767
3339 欧式距离是： 2.6915541632113236
该病对应的全部药方是： [786]
推荐的全部药方是： [786, 3577, 699, 1702, 1267, 2833, 529, 2511, 2230, 2001, 2888, 3511, 1138, 2484, 3339]
************* 1 *************
1349
匹配的药方如下：
3117 欧式距离是： 2.1230420661404974
3577 欧式距离是： 2.203250403519142
1704 欧式距离是： 2.2149475474847766
487 欧式距离是： 2.2256620495502872
3568 欧式距离是： 2.2613036473343002
1634 欧式距离是： 2.2786514785417067
3448 欧式距离是： 2.291610690456209
2499 欧式距离是： 2.300741503414435
3101 欧式距离是： 2.3041943140508123
1018 欧式距离是： 2.3068746591650138
529 欧式距离是： 2.327103372148705
2833 欧式距离是： 2.3498030704454425
1702 欧式距离是： 2.3526727599811634
3560 欧式距离是： 2.356495204464952
1983 欧式距离是： 2.357555926341685
该病对应的全部药方是： [1348]
推荐的全部药方是： [3117, 3577, 1704, 487, 3568, 1634, 3448, 2499, 3101, 1018, 529, 2833, 1702, 3560, 1983]
************* 2 *************
2216
匹配的药方如下：
2001 欧式距离是： 2.389634163772473
1702 欧式距离是： 2.389815135256808
1634 欧式距离是： 2.4725912196242
3511 欧式距离是： 2.48159702659275
2511 欧式距离是： 2.483408571508144
2047 欧式距离是： 2.5530307734913
487 欧式距离是： 2.583095831948623
1267 欧式距离是： 2.595744416129824
3448 欧式距离是： 2.604649379605862
1406 欧式距离是： 2.607807915366535
3560 欧式距离是： 2.6378742451013855
3069 欧式距离是： 2.6527562987538573
2385 欧式距离是： 2.653848516902981
3494 欧式距离是： 2.656956701081361
3339 欧式距离是： 2.6580542163446927
该病对应的全部药方是： [2215]
推荐的全部药方是： [2001, 1702, 1634, 3511, 2511, 2047, 487, 1267, 3448, 1406, 3560, 3069, 2385, 3494, 3339]
************* 3 *************
96
匹配的药方如下：
2882 欧式距离是： 1.2085419068614185
783 欧式距离是： 1.3095285233433314
1619 欧式距离是： 2.5610179938600903
2057 欧式距离是： 2.6041563748961214
2835 欧式距离是： 2.6091487242276132
1632 欧式距离是： 2.643785694331196
2421 欧式距离是： 2.6490996477418176
3460 欧式距离是： 2.6635688332737373
3010 欧式距离是： 2.6943894359996627
3117 欧式距离是： 2.697083739421771
3069 欧式距离是： 2.710610882714445
222 欧式距离是： 2.7412032946812306
2814 欧式距离是： 2.745100730194893
3021 欧式距离是： 2.760043649749204
1465 欧式距离是： 2.7624073854161293
该病对应的全部药方是： [95, 122, 468, 783, 849, 861, 915, 979, 983, 1307, 1465, 1540, 1587, 1619, 1808, 2057, 2338, 2419, 2421, 2491, 2533, 2660, 2814, 2835, 2866, 2882, 3010, 3021, 3160, 3460, 3464, 3538, 3602]
推荐的全部药方是： [2882, 783, 1619, 2057, 2835, 1632, 2421, 3460, 3010, 3117, 3069, 222, 2814, 3021, 1465]
************* 4 *************
2631
匹配的药方如下：
1267 欧式距离是： 2.115657424584819
2385 欧式距离是： 2.1335486618913
3013 欧式距离是： 2.2156939688032264
2630 欧式距离是： 2.2523124261678626
3069 欧式距离是： 2.3041855525944053
2253 欧式距离是： 2.3050823716718747
2736 欧式距离是： 2.317787048065107
1632 欧式距离是： 2.3212983932217996
3560 欧式距离是： 2.3492698532847376
2771 欧式距离是： 2.356871239550904
2876 欧式距离是： 2.361842576729401
2499 欧式距离是： 2.383681359972824
487 欧式距离是： 2.3898611903440603
2230 欧式距离是： 2.412049639013576
3432 欧式距离是： 2.4147209706129034
该病对应的全部药方是： [2630]
推荐的全部药方是： [1267, 2385, 3013, 2630, 3069, 2253, 2736, 1632, 3560, 2771, 2876, 2499, 487, 2230, 3432]
************* 5 *************
413
匹配的药方如下：
1632 欧式距离是： 2.128094015400903
59 欧式距离是： 2.142554021491194
2119 欧式距离是： 2.1505315444030115
2587 欧式距离是： 2.164999999278816
487 欧式距离是： 2.1715959085177694
1634 欧式距离是： 2.186646717538056
2253 欧式距离是： 2.19765767182482
3560 欧式距离是： 2.2100849694028524
3117 欧式距离是： 2.2149384905194314
2771 欧式距离是： 2.2305943633444896
3069 欧式距离是： 2.2375439717844907
2736 欧式距离是： 2.262105033175949
2529 欧式距离是： 2.267700464177246
1704 欧式距离是： 2.277628338971671
738 欧式距离是： 2.2805151380309443
该病对应的全部药方是： [412]
推荐的全部药方是： [1632, 59, 2119, 2587, 487, 1634, 2253, 3560, 3117, 2771, 3069, 2736, 2529, 1704, 738]
************* 6 *************
1561
匹配的药方如下：
1560 欧式距离是： 2.2978363340299124
2498 欧式距离是： 2.531220897014342
2876 欧式距离是： 2.581176278506992
2230 欧式距离是： 2.628482814647374
2499 欧式距离是： 2.6508078559252635
1634 欧式距离是： 2.6807354660096574
1267 欧式距离是： 2.6899194355739695
3096 欧式距离是： 2.70305190144553
699 欧式距离是： 2.7149035155640364
454 欧式距离是： 2.725083398448528
1702 欧式距离是： 2.7424476885143165
2511 欧式距离是： 2.761536814041784
1693 欧式距离是： 2.765983731414391
800 欧式距离是： 2.7921492368155603
1632 欧式距离是： 2.800729588179326
该病对应的全部药方是： [1560]
推荐的全部药方是： [1560, 2498, 2876, 2230, 2499, 1634, 1267, 3096, 699, 454, 1702, 2511, 1693, 800, 1632]
************* 7 *************
327
匹配的药方如下：
1702 欧式距离是： 2.180254624795648
2001 欧式距离是： 2.238562024015376
2230 欧式距离是： 2.3371629272507723
2253 欧式距离是： 2.407823298119774
1523 欧式距离是： 2.4080041623166846
3560 欧式距离是： 2.414701021926504
2511 欧式距离是： 2.440903669253969
1568 欧式距离是： 2.469617401869153
326 欧式距离是： 2.4724463195297823
3080 欧式距离是： 2.480688400851555
2529 欧式距离是： 2.4946066242107534
3096 欧式距离是： 2.532963900706413
738 欧式距离是： 2.5342083164623532
2385 欧式距离是： 2.5652339534256607
3069 欧式距离是： 2.572404885244761
该病对应的全部药方是： [326]
推荐的全部药方是： [1702, 2001, 2230, 2253, 1523, 3560, 2511, 1568, 326, 3080, 2529, 3096, 738, 2385, 3069]
************* 8 *************
920
匹配的药方如下：
1670 欧式距离是： 2.5318954505541322
3448 欧式距离是： 2.552310826568745
919 欧式距离是： 2.5932612814665266
1568 欧式距离是： 2.6623907604346053
1323 欧式距离是： 2.6651757849401374
3013 欧式距离是： 2.6694435866889905
2511 欧式距离是： 2.6896692138366407
2499 欧式距离是： 2.690710480818461
3577 欧式距离是： 2.7209168897495126
1632 欧式距离是： 2.7215737363947072
3568 欧式距离是： 2.7261146721302096
2736 欧式距离是： 2.7284487670028765
2771 欧式距离是： 2.7327003757283213
59 欧式距离是： 2.7437368313345574
1610 欧式距离是： 2.745267936000066
该病对应的全部药方是： [919, 1670, 2061]
推荐的全部药方是： [1670, 3448, 919, 1568, 1323, 3013, 2511, 2499, 3577, 1632, 3568, 2736, 2771, 59, 1610]
************* 9 *************
2819
匹配的药方如下：
3431 欧式距离是： 2.1083710785617282
2726 欧式距离是： 2.2366903769922404
1610 欧式距离是： 2.2750073481039377
2001 欧式距离是： 2.279699662934298
1632 欧式距离是： 2.293740711656367
1523 欧式距离是： 2.300931427737223
1826 欧式距离是： 2.303337935841804
3448 欧式距离是： 2.3216684928850007
222 欧式距离是： 2.337053119115822
3064 欧式距离是： 2.3541403528472804
487 欧式距离是： 2.373923042503905
2529 欧式距离是： 2.380574345014472
2587 欧式距离是： 2.391990380687576
3013 欧式距离是： 2.404857612747488
3080 欧式距离是： 2.4373194803595863
该病对应的全部药方是： [2818]
推荐的全部药方是： [3431, 2726, 1610, 2001, 1632, 1523, 1826, 3448, 222, 3064, 487, 2529, 2587, 3013, 3080]
************* 10 *************
3286
匹配的药方如下：
3511 欧式距离是： 2.3121388276268307
3285 欧式距离是： 2.365915633167591
1702 欧式距离是： 2.4721077011490853
3101 欧式距离是： 2.541108682717808
1632 欧式距离是： 2.5590249353219168
1523 欧式距离是： 2.5665707263724364
3560 欧式距离是： 2.578666142148324
3069 欧式距离是： 2.5829876787464165
2385 欧式距离是： 2.5882587534809995
2511 欧式距离是： 2.5929855222249767
2001 欧式距离是： 2.6104955196035857
3577 欧式距离是： 2.6214777489259253
2230 欧式距离是： 2.6474381116772325
2347 欧式距离是： 2.651036826793564
1267 欧式距离是： 2.6572797956359704
该病对应的全部药方是： [3285]
推荐的全部药方是： [3511, 3285, 1702, 3101, 1632, 1523, 3560, 3069, 2385, 2511, 2001, 3577, 2230, 2347, 1267]
************* 11 *************
2035
匹配的药方如下：
3013 欧式距离是： 2.319814693289063
2034 欧式距离是： 2.3608473272182944
2385 欧式距离是： 2.4370319947726764
2230 欧式距离是： 2.5243500186290877
2001 欧式距离是： 2.530044155637163
1267 欧式距离是： 2.609191438216028
3096 欧式距离是： 2.6137352551228012
3080 欧式距离是： 2.6250192950374016
2771 欧式距离是： 2.6480454610323694
699 欧式距离是： 2.651678500191028
2736 欧式距离是： 2.6546087718146767
1523 欧式距离是： 2.6664552851469647
1684 欧式距离是： 2.669716560735208
1702 欧式距离是： 2.6778794985314325
3560 欧式距离是： 2.678124306005496
该病对应的全部药方是： [2034]
推荐的全部药方是： [3013, 2034, 2385, 2230, 2001, 1267, 3096, 3080, 2771, 699, 2736, 1523, 1684, 1702, 3560]
************* 12 *************
575
匹配的药方如下：
3200 欧式距离是： 2.5012538207048642
574 欧式距离是： 2.59774798782007
759 欧式距离是： 2.652896166181098
1632 欧式距离是： 2.6818878961320674
1634 欧式距离是： 2.7060988696745727
699 欧式距离是： 2.710577901996991
2511 欧式距离是： 2.7129337685907347
3494 欧式距离是： 2.725332881958877
2499 欧式距离是： 2.729545971221098
1406 欧式距离是： 2.738570509955287
3069 欧式距离是： 2.7438776703966803
3577 欧式距离是： 2.756679198721088
1523 欧式距离是： 2.7616958833047565
1267 欧式距离是： 2.786644258359106
3137 欧式距离是： 2.7897962457535566
该病对应的全部药方是： [574, 759, 2588, 3137, 3200]
推荐的全部药方是： [3200, 574, 759, 1632, 1634, 699, 2511, 3494, 2499, 1406, 3069, 3577, 1523, 1267, 3137]
************* 13 *************
3014
匹配的药方如下：
3013 欧式距离是： 1.2232717641903292
3577 欧式距离是： 2.214550172279066
2876 欧式距离是： 2.2155983488505604
529 欧式距离是： 2.239392673720556
3069 欧式距离是： 2.2645898390166956
3448 欧式距离是： 2.2850825680549027
3024 欧式距离是： 2.3084209741220145
487 欧式距离是： 2.325578516204972
1267 欧式距离是： 2.327410582000223
2385 欧式距离是： 2.3456878167855013
2833 欧式距离是： 2.356880980641276
2230 欧式距离是： 2.368092647819609
1634 欧式距离是： 2.4193570121923074
2888 欧式距离是： 2.4401943789820626
2086 欧式距离是： 2.445455674057063
该病对应的全部药方是： [3013]
推荐的全部药方是： [3013, 3577, 2876, 529, 3069, 3448, 3024, 487, 1267, 2385, 2833, 2230, 1634, 2888, 2086]
************* 14 *************
3613
匹配的药方如下：
3612 欧式距离是： 2.255243431881603
1632 欧式距离是： 2.3633266577222547
59 欧式距离是： 2.3894178379442943
2587 欧式距离是： 2.4291358009046102
3494 欧式距离是： 2.4406906946987705
1300 欧式距离是： 2.4413638540667244
2529 欧式距离是： 2.4441501447735563
2001 欧式距离是： 2.4752326530913566
3101 欧式距离是： 2.49143037785172
1523 欧式距离是： 2.506625838945127
910 欧式距离是： 2.5337616042215054
2413 欧式距离是： 2.5342505734992598
222 欧式距离是： 2.5443453384726618
3344 欧式距离是： 2.545243286666094
3117 欧式距离是： 2.546939428496314
该病对应的全部药方是： [3612]
推荐的全部药方是： [3612, 1632, 59, 2587, 3494, 1300, 2529, 2001, 3101, 1523, 910, 2413, 222, 3344, 3117]
************* 15 *************
2401
匹配的药方如下：
2511 欧式距离是： 2.13650497792161
1634 欧式距离是： 2.1816542703397115
487 欧式距离是： 2.2278030819928936
3069 欧式距离是： 2.2424692384558234
2876 欧式距离是： 2.2778534201891047
3577 欧式距离是： 2.3657639985333083
3196 欧式距离是： 2.3890872724541534
2119 欧式距离是： 2.4166214426713335
2400 欧式距离是： 2.4249831415333483
2230 欧式距离是： 2.4560136123439418
3117 欧式距离是： 2.4573076780935486
222 欧式距离是： 2.4648561031778913
2498 欧式距离是： 2.4755622245169464
3448 欧式距离是： 2.4780343346616105
2001 欧式距离是： 2.487977700529629
该病对应的全部药方是： [2400]
推荐的全部药方是： [2511, 1634, 487, 3069, 2876, 3577, 3196, 2119, 2400, 2230, 3117, 222, 2498, 3448, 2001]
************* 16 *************
1725
匹配的药方如下：
2511 欧式距离是： 2.3030830048182875
487 欧式距离是： 2.350559016282573
1632 欧式距离是： 2.37212352578331
3117 欧式距离是： 2.4149916228930475
3448 欧式距离是： 2.482629930742659
1634 欧式距离是： 2.4906506440747354
222 欧式距离是： 2.533809699584201
3069 欧式距离是： 2.547126292875087
59 欧式距离是： 2.560587597909217
1724 欧式距离是： 2.5614176347725253
2876 欧式距离是： 2.5749834622961267
2726 欧式距离是： 2.591598584957816
2587 欧式距离是： 2.6216698855034397
3096 欧式距离是： 2.641080200922894
2086 欧式距离是： 2.6414423173245893
该病对应的全部药方是： [1724]
推荐的全部药方是： [2511, 487, 1632, 3117, 3448, 1634, 222, 3069, 59, 1724, 2876, 2726, 2587, 3096, 2086]
************* 17 *************
3036
匹配的药方如下：
3064 欧式距离是： 1.522020576099539
1610 欧式距离是： 2.5595956615283475
3351 欧式距离是： 2.5675449012439255
3035 欧式距离是： 2.629921253702477
3560 欧式距离是： 2.635131972496865
2499 欧式距离是： 2.6355152591351794
2529 欧式距离是： 2.63638964393293
2587 欧式距离是： 2.646153941630813
1684 欧式距离是： 2.6484893476924354
1632 欧式距离是： 2.658062375956569
3096 欧式距离是： 2.6591966062540724
2001 欧式距离是： 2.663075456617889
1323 欧式距离是： 2.672323271666768
1138 欧式距离是： 2.6738238659517237
1693 欧式距离是： 2.6738534311654503
该病对应的全部药方是： [3035, 3064, 3351]
推荐的全部药方是： [3064, 1610, 3351, 3035, 3560, 2499, 2529, 2587, 1684, 1632, 3096, 2001, 1323, 1138, 1693]
************* 18 *************
555
匹配的药方如下：
3577 欧式距离是： 2.059380818833543
3448 欧式距离是： 2.221277508805213
2642 欧式距离是： 2.2298871070764843
2001 欧式距离是： 2.2835961291982003
1323 欧式距离是： 2.2851873304486716
3339 欧式距离是： 2.2911493517771704
2511 欧式距离是： 2.3610051567118537
3568 欧式距离是： 2.37335549889162
3117 欧式距离是： 2.401515413169255
1702 欧式距离是： 2.4238016260702864
222 欧式距离是： 2.426385328299142
2385 欧式距离是： 2.4300854184543703
882 欧式距离是： 2.431518021136675
2499 欧式距离是： 2.4325725543424235
529 欧式距离是： 2.4357798531566446
该病对应的全部药方是： [554]
推荐的全部药方是： [3577, 3448, 2642, 2001, 1323, 3339, 2511, 3568, 3117, 1702, 222, 2385, 882, 2499, 529]
************* 19 *************
1933
匹配的药方如下：
699 欧式距离是： 2.3128849970524614
2111 欧式距离是： 2.3819498596784525
2529 欧式距离是： 2.402081033711871
1632 欧式距离是： 2.4108861239691888
1323 欧式距离是： 2.412221529146263
2499 欧式距离是： 2.4458236591939477
3577 欧式距离是： 2.4514155161039417
3101 欧式距离是： 2.4532182184513402
2001 欧式距离是： 2.472126661855189
1702 欧式距离是： 2.480289670368694
2385 欧式距离是： 2.491168134109621
2230 欧式距离是： 2.495726063919823
1568 欧式距离是： 2.506197469513331
3560 欧式距离是： 2.5473101607906967
3064 欧式距离是： 2.5546641204060467
该病对应的全部药方是： [1932, 2784]
推荐的全部药方是： [699, 2111, 2529, 1632, 1323, 2499, 3577, 3101, 2001, 1702, 2385, 2230, 1568, 3560, 3064]
************* 20 *************
3372
匹配的药方如下：
1267 欧式距离是： 2.2552480251442915
3371 欧式距离是： 2.2586238617288665
3339 欧式距离是： 2.403299073956286
2385 欧式距离是： 2.4132529142510304
2230 欧式距离是： 2.4637655019069684
2001 欧式距离是： 2.4647646611548235
2111 欧式距离是： 2.482571227474648
3069 欧式距离是： 2.495576558789832
2511 欧式距离是： 2.498718272463416
3577 欧式距离是： 2.5053551610232803
1702 欧式距离是： 2.5054450582611523
2833 欧式距离是： 2.5127821767924563
487 欧式距离是： 2.5211022765102347
3431 欧式距离是： 2.5222767844395237
1323 欧式距离是： 2.5444455654890135
该病对应的全部药方是： [3371]
推荐的全部药方是： [1267, 3371, 3339, 2385, 2230, 2001, 2111, 3069, 2511, 3577, 1702, 2833, 487, 3431, 1323]
************* 21 *************
2305
匹配的药方如下：
3577 欧式距离是： 2.100025397298496
2511 欧式距离是： 2.133553847610555
2230 欧式距离是： 2.143975176273753
3069 欧式距离是： 2.2086277511259285
3096 欧式距离是： 2.2337127508943024
2888 欧式距离是： 2.235111765557072
1138 欧式距离是： 2.236108096819312
2876 欧式距离是： 2.240477506812196
2001 欧式距离是： 2.243831285128991
2833 欧式距离是： 2.2670126300431415
1632 欧式距离是： 2.2852006249756047
699 欧式距离是： 2.296809900724914
3013 欧式距离是： 2.3018915840604186
3024 欧式距离是： 2.3057816198039083
529 欧式距离是： 2.318418709839987
该病对应的全部药方是： [2304]
推荐的全部药方是： [3577, 2511, 2230, 3069, 3096, 2888, 1138, 2876, 2001, 2833, 1632, 699, 3013, 3024, 529]
************* 22 *************
895
匹配的药方如下：
2906 欧式距离是： 2.5558590610924132
3024 欧式距离是： 2.6336462759484336
2876 欧式距离是： 2.6683851022136187
487 欧式距离是： 2.693382031604732
3339 欧式距离是： 2.710072379056962
3577 欧式距离是： 2.7342543004926343
3013 欧式距离是： 2.7393212049295923
3069 欧式距离是： 2.8030068860458335
529 欧式距离是： 2.8034386772414446
2833 欧式距离是： 2.8045850192486097
2499 欧式距离是： 2.836661884126166
1267 欧式距离是： 2.846631501066449
3448 欧式距离是： 2.861687411319343
1634 欧式距离是： 2.866070918622895
2119 欧式距离是： 2.8765156880436407
该病对应的全部药方是： [2906]
推荐的全部药方是： [2906, 3024, 2876, 487, 3339, 3577, 3013, 3069, 529, 2833, 2499, 1267, 3448, 1634, 2119]
************* 23 *************
739
匹配的药方如下：
738 欧式距离是： 1.2998368957062036
1007 欧式距离是： 1.4375391629374785
3080 欧式距离是： 2.079784588447963
1523 欧式距离是： 2.1302492383876057
236 欧式距离是： 2.219902603575388
1193 欧式距离是： 2.2459688042806403
133 欧式距离是： 2.276040527328679
1169 欧式距离是： 2.27718137350581
714 欧式距离是： 2.292879753223533
2587 欧式距离是： 2.2938670509336756
59 欧式距离是： 2.320974399892451
1406 欧式距离是： 2.333268371465525
2529 欧式距离是： 2.3360666053508425
1018 欧式距离是： 2.3379430325497736
2499 欧式距离是： 2.3460246389188493
该病对应的全部药方是： [738, 1007]
推荐的全部药方是： [738, 1007, 3080, 1523, 236, 1193, 133, 1169, 714, 2587, 59, 1406, 2529, 1018, 2499]
************* 24 *************
261
匹配的药方如下：
1036 欧式距离是： 1.6641493808957626
3433 欧式距离是： 2.4924001544754697
1819 欧式距离是： 2.6448198165988033
260 欧式距离是： 2.691683428331701
3031 欧式距离是： 2.717475309815233
2298 欧式距离是： 2.7655368586190554
3564 欧式距离是： 2.7794797000121525
3347 欧式距离是： 2.7883094074329864
2745 欧式距离是： 2.7952866561647123
2498 欧式距离是： 2.7977564050054538
3344 欧式距离是： 2.819301242140972
2105 欧式距离是： 2.835666423546606
673 欧式距离是： 2.8380504490888065
3669 欧式距离是： 2.839503720528455
800 欧式距离是： 2.8423824814675163
该病对应的全部药方是： [260, 653, 664, 673, 773, 1036, 1057, 1104, 1124, 1128, 1152, 1245, 1312, 1379, 1380, 1393, 1527, 1601, 1620, 1819, 1947, 1973, 2052, 2105, 2137, 2156, 2180, 2298, 2335, 2387, 2548, 2745, 2979, 3031, 3141, 3166, 3201, 3347, 3396, 3433, 3523, 3550, 3564, 3669]
推荐的全部药方是： [1036, 3433, 1819, 260, 3031, 2298, 3564, 3347, 2745, 2498, 3344, 2105, 673, 3669, 800]
************* 25 *************
1257
匹配的药方如下：
1256 欧式距离是： 2.287975888552562
59 欧式距离是： 2.297442719925433
2385 欧式距离是： 2.329920423403901
2511 欧式距离是： 2.4196016868262356
3024 欧式距离是： 2.427229352002628
882 欧式距离是： 2.4398327070298724
487 欧式距离是： 2.448034549842142
3013 欧式距离是： 2.449532836545074
2230 欧式距离是： 2.4906007601750337
910 欧式距离是： 2.492464357710307
1704 欧式距离是： 2.49325106060833
3577 欧式距离是： 2.5067333681453667
529 欧式距离是： 2.534157728718226
3560 欧式距离是： 2.541444221761442
2587 欧式距离是： 2.5494236231656053
该病对应的全部药方是： [1256]
推荐的全部药方是： [1256, 59, 2385, 2511, 3024, 882, 487, 3013, 2230, 910, 1704, 3577, 529, 3560, 2587]
************* 26 *************
1204
匹配的药方如下：
3339 欧式距离是： 2.1960958057434707
3577 欧式距离是： 2.2184000999295113
2511 欧式距离是： 2.2217264746312164
1702 欧式距离是： 2.3061165280907963
487 欧式距离是： 2.3563625442874456
3024 欧式距离是： 2.361204698273594
3560 欧式距离是： 2.3642134682732636
3448 欧式距离是： 2.3956520492877997
3494 欧式距离是： 2.4108345616268116
1323 欧式距离是： 2.4194854609736116
2230 欧式距离是： 2.4206574989180774
3013 欧式距离是： 2.4212340283495726
1913 欧式距离是： 2.430152577715776
2385 欧式距离是： 2.436552321288145
2642 欧式距离是： 2.445150270947413
该病对应的全部药方是： [1203]
推荐的全部药方是： [3339, 3577, 2511, 1702, 487, 3024, 3560, 3448, 3494, 1323, 2230, 3013, 1913, 2385, 2642]
************* 27 *************
2504
匹配的药方如下：
2179 欧式距离是： 2.216607357362331
3069 欧式距离是： 2.311241278627217
1634 欧式距离是： 2.328909352361331
2503 欧式距离是： 2.3399925170161473
2499 欧式距离是： 2.347990604723219
2876 欧式距离是： 2.361419110609434
2385 欧式距离是： 2.365427273276229
2111 欧式距离是： 2.3773038832003914
1693 欧式距离是： 2.3787253276174174
2047 欧式距离是： 2.3842399030919523
1702 欧式距离是： 2.3878114838407827
2230 欧式距离是： 2.3919295354375696
3577 欧式距离是： 2.3940802908978314
1267 欧式距离是： 2.4028277743321396
1632 欧式距离是： 2.412479311482424
该病对应的全部药方是： [2503]
推荐的全部药方是： [2179, 3069, 1634, 2503, 2499, 2876, 2385, 2111, 1693, 2047, 1702, 2230, 3577, 1267, 1632]
************* 28 *************
2087
匹配的药方如下：
2086 欧式距离是： 1.1638085561625744
3080 欧式距离是： 1.771519354410892
1523 欧式距离是： 1.8228965003967585
2726 欧式距离是： 1.8873814564771918
3448 欧式距离是： 2.054631978640179
1007 欧式距离是： 2.0669779174691048
3069 欧式距离是： 2.071886758604232
2587 欧式距离是： 2.0906321382023565
738 欧式距离是： 2.1176792714317534
1610 欧式距离是： 2.127705914010606
487 欧式距离是： 2.1330834270973833
1406 欧式距离是： 2.1448237577895313
3432 欧式距离是： 2.147029839471393
222 欧式距离是： 2.161122071062267
2169 欧式距离是： 2.1752040628203506
该病对应的全部药方是： [2086]
推荐的全部药方是： [2086, 3080, 1523, 2726, 3448, 1007, 3069, 2587, 738, 1610, 487, 1406, 3432, 222, 2169]
************* 29 *************
2150
匹配的药方如下：
1610 欧式距离是： 2.235743000280208
3577 欧式距离是： 2.2636504227475527
1523 欧式距离是： 2.354380205058531
2385 欧式距离是： 2.4085414212081138
3448 欧式距离是： 2.410730496450388
2001 欧式距离是： 2.4165514988682752
2499 欧式距离是： 2.42554034624066
3069 欧式距离是： 2.4293297045010354
2149 欧式距离是： 2.456539600144382
1702 欧式距离是： 2.4610654012452406
3511 欧式距离是： 2.4789741753856984
3080 欧式距离是： 2.484488765408454
1632 欧式距离是： 2.4991879759004156
2230 欧式距离是： 2.5022989439181176
3339 欧式距离是： 2.50361508439822
该病对应的全部药方是： [2149]
推荐的全部药方是： [1610, 3577, 1523, 2385, 3448, 2001, 2499, 3069, 2149, 1702, 3511, 3080, 1632, 2230, 3339]
************* 30 *************
1878
匹配的药方如下：
3069 欧式距离是： 1.6025676864002913
2876 欧式距离是： 2.3802600224483648
2726 欧式距离是： 2.462812390940739
1267 欧式距离是： 2.507224798635856
2587 欧式距离是： 2.50740027957735
3013 欧式距离是： 2.5100216292172775
1406 欧式距离是： 2.5157881761391088
2119 欧式距离是： 2.53268062841067
2001 欧式距离是： 2.534381615502508
3577 欧式距离是： 2.5382750071663187
3432 欧式距离是： 2.559416364706277
2086 欧式距离是： 2.559703048038803
2230 欧式距离是： 2.5713530566515534
3448 欧式距离是： 2.572097201185326
1634 欧式距离是： 2.576568885418112
该病对应的全部药方是： [1877, 3069]
推荐的全部药方是： [3069, 2876, 2726, 1267, 2587, 3013, 1406, 2119, 2001, 3577, 3432, 2086, 2230, 3448, 1634]
************* 31 *************
3242
匹配的药方如下：
2511 欧式距离是： 2.1640517324494737
3241 欧式距离是： 2.3920151953381765
3448 欧式距离是： 2.4097090312820684
2230 欧式距离是： 2.4489067454654307
3577 欧式距离是： 2.460691999580877
3096 欧式距离是： 2.465700390447654
1632 欧式距离是： 2.4704830023124584
487 欧式距离是： 2.473413886335293
1702 欧式距离是： 2.479586408091373
222 欧式距离是： 2.479894760613444
2499 欧式距离是： 2.486734731827076
2001 欧式距离是： 2.4937088292311955
1138 欧式距离是： 2.50353127178987
2385 欧式距离是： 2.510970765952039
3117 欧式距离是： 2.530844029350522
该病对应的全部药方是： [3241]
推荐的全部药方是： [2511, 3241, 3448, 2230, 3577, 3096, 1632, 487, 1702, 222, 2499, 2001, 1138, 2385, 3117]
************* 32 *************
3127
匹配的药方如下：
3344 欧式距离是： 2.398473620255598
1267 欧式距离是： 2.551186221265329
1632 欧式距离是： 2.553000368333663
1610 欧式距离是： 2.554045403481464
2111 欧式距离是： 2.5635023834361643
2499 欧式距离是： 2.569566119057075
1018 欧式距离是： 2.5889816593074424
3560 欧式距离是： 2.649051438226937
2587 欧式距离是： 2.650337538371483
1702 欧式距离是： 2.6538531098590585
3101 欧式距离是： 2.659914441053638
2736 欧式距离是： 2.6790202242639722
59 欧式距离是： 2.6901770302128147
3126 欧式距离是： 2.69267739557922
1693 欧式距离是： 2.692800385778034
该病对应的全部药方是： [3126]
推荐的全部药方是： [3344, 1267, 1632, 1610, 2111, 2499, 1018, 3560, 2587, 1702, 3101, 2736, 59, 3126, 1693]
************* 33 *************
2658
匹配的药方如下：
3577 欧式距离是： 2.3585641701757085
1702 欧式距离是： 2.3713056837471758
2657 欧式距离是： 2.3739589233171996
1632 欧式距离是： 2.3851814399391538
1323 欧式距离是： 2.4456385981800732
699 欧式距离是： 2.4806333933562885
2771 欧式距离是： 2.48688665967775
3196 欧式距离是： 2.4921748804263326
3101 欧式距离是： 2.5076201641768594
3560 欧式距离是： 2.524821402814126
2736 欧式距离是： 2.548220571129043
3117 欧式距离是： 2.5661144435912666
1300 欧式距离是： 2.6033101335309925
2189 欧式距离是： 2.60337944031933
3069 欧式距离是： 2.60908799029807
该病对应的全部药方是： [2657]
推荐的全部药方是： [3577, 1702, 2657, 1632, 1323, 699, 2771, 3196, 3101, 3560, 2736, 3117, 1300, 2189, 3069]
************* 34 *************
3469
匹配的药方如下：
3468 欧式距离是： 1.7264417553232134
1093 欧式距离是： 2.860557454770689
2417 欧式距离是： 2.9877682753905983
1863 欧式距离是： 3.0608788282451505
2085 欧式距离是： 3.13171285674029
965 欧式距离是： 3.1511352195068567
2769 欧式距离是： 3.203886939071679
3310 欧式距离是： 3.243507585465141
2988 欧式距离是： 3.2512187738750797
2054 欧式距离是： 3.2663452921123155
1993 欧式距离是： 3.3086194130343
2317 欧式距离是： 3.3451407001733755
1393 欧式距离是： 3.3833936496471666
1287 欧式距离是： 3.3840878425615006
492 欧式距离是： 3.3874915218457526
该病对应的全部药方是： [3468]
推荐的全部药方是： [3468, 1093, 2417, 1863, 2085, 965, 2769, 3310, 2988, 2054, 1993, 2317, 1393, 1287, 492]
************* 35 *************
2158
匹配的药方如下：
2157 欧式距离是： 2.28068797839521
2529 欧式距离是： 2.3344566756173784
2587 欧式距离是： 2.4555211329004214
1300 欧式距离是： 2.4937368433741622
2499 欧式距离是： 2.505378711472787
1568 欧式距离是： 2.506573127843098
1610 欧式距离是： 2.51218518435712
1983 欧式距离是： 2.542295550249066
3024 欧式距离是： 2.5514425146237345
3560 欧式距离是： 2.554681331728592
1323 欧式距离是： 2.5573955269189805
2001 欧式距离是： 2.562766104509214
3013 欧式距离是： 2.563233788730999
3069 欧式距离是： 2.564091374835659
2111 欧式距离是： 2.5683071836434426
该病对应的全部药方是： [2157]
推荐的全部药方是： [2157, 2529, 2587, 1300, 2499, 1568, 1610, 1983, 3024, 3560, 1323, 2001, 3013, 3069, 2111]
************* 36 *************
2242
匹配的药方如下：
2001 欧式距离是： 2.3506292277885135
3101 欧式距离是： 2.4448800736066016
3069 欧式距离是： 2.454103703055569
2230 欧式距离是： 2.4906505043076486
1267 欧式距离是： 2.49286272839276
1702 欧式距离是： 2.5017857485891875
3013 欧式距离是： 2.513094955013115
2253 欧式距离是： 2.5156581765781345
2888 欧式距离是： 2.5252333483906106
1523 欧式距离是： 2.525498572030896
3080 欧式距离是： 2.5324070800611804
2111 欧式距离是： 2.5450250682114754
2385 欧式距离是： 2.545333858490983
2241 欧式距离是： 2.5455760774782297
3560 欧式距离是： 2.5545482383669094
该病对应的全部药方是： [2241, 3219]
推荐的全部药方是： [2001, 3101, 3069, 2230, 1267, 1702, 3013, 2253, 2888, 1523, 3080, 2111, 2385, 2241, 3560]
************* 37 *************
2901
匹配的药方如下：
2900 欧式距离是： 1.2268096671357533
2519 欧式距离是： 4.566754650760994
2544 欧式距离是： 4.668830021449766
314 欧式距离是： 4.801746960604705
818 欧式距离是： 4.846685162281019
2654 欧式距离是： 4.862070164317997
1134 欧式距离是： 4.884638250539844
1709 欧式距离是： 4.9093237640811624
2773 欧式距离是： 5.109812895724412
3633 欧式距离是： 5.190220044480883
893 欧式距离是： 5.197867690138422
1793 欧式距离是： 5.233181955111395
3525 欧式距离是： 5.316298110104994
2319 欧式距离是： 5.357310609568492
3603 欧式距离是： 5.360445446498466
该病对应的全部药方是： [2900]
推荐的全部药方是： [2900, 2519, 2544, 314, 818, 2654, 1134, 1709, 2773, 3633, 893, 1793, 3525, 2319, 3603]
************* 38 *************
941
匹配的药方如下：
1557 欧式距离是： 2.6093537153027584
1267 欧式距离是： 2.6363305672436117
2001 欧式距离是： 2.672833188223692
3431 欧式距离是： 2.69120342136278
3013 欧式距离是： 2.721790500831649
2736 欧式距离是： 2.7616383696686446
2672 欧式距离是： 2.763636522115111
1632 欧式距离是： 2.772731405940273
2385 欧式距离是： 2.7733558705744943
1610 欧式距离是： 2.7751284687350104
940 欧式距离是： 2.787471733492256
3080 欧式距离是： 2.794986577393551
2230 欧式距离是： 2.8013734244882076
222 欧式距离是： 2.8026540811521903
1702 欧式距离是： 2.812260346052806
该病对应的全部药方是： [940, 1557, 2672]
推荐的全部药方是： [1557, 1267, 2001, 3431, 3013, 2736, 2672, 1632, 2385, 1610, 940, 3080, 2230, 222, 1702]
************* 39 *************
1374
匹配的药方如下：
1300 欧式距离是： 2.0349094874218494
2587 欧式距离是： 2.0504719147717356
1632 欧式距离是： 2.131462784077947
59 欧式距离是： 2.1384227977283117
2529 欧式距离是： 2.183917408561464
487 欧式距离是： 2.1911193149043973
3560 欧式距离是： 2.2646641028633603
1007 欧式距离是： 2.281831459433356
2119 欧式距离是： 2.2895008584144008
738 欧式距离是： 2.3008056720492776
222 欧式距离是： 2.32645773293525
3101 欧式距离是： 2.37402543501734
2001 欧式距离是： 2.383445318692683
1523 欧式距离是： 2.3905476471518057
2736 欧式距离是： 2.400480079058671
该病对应的全部药方是： [1373]
推荐的全部药方是： [1300, 2587, 1632, 59, 2529, 487, 3560, 1007, 2119, 738, 222, 3101, 2001, 1523, 2736]
************* 40 *************
2968
匹配的药方如下：
2230 欧式距离是： 2.171744912856495
2967 欧式距离是： 2.21554473499461
2385 欧式距离是： 2.2218283991176033
2119 欧式距离是： 2.4191849913673877
3577 欧式距离是： 2.421126692794304
2111 欧式距离是： 2.454940110267267
2001 欧式距离是： 2.4845614574149595
3339 欧式距离是： 2.5406474903382588
2189 欧式距离是： 2.5750566869955214
454 欧式距离是： 2.585307235065953
720 欧式距离是： 2.588829181716725
2876 欧式距离是： 2.590763693438015
1702 欧式距离是： 2.601660353641519
2511 欧式距离是： 2.6342422998703183
699 欧式距离是： 2.636371597016912
该病对应的全部药方是： [2967]
推荐的全部药方是： [2230, 2967, 2385, 2119, 3577, 2111, 2001, 3339, 2189, 454, 720, 2876, 1702, 2511, 699]
************* 41 *************
365
匹配的药方如下：
2174 欧式距离是： 1.3859557039739643
3132 欧式距离是： 1.462447686726494
827 欧式距离是： 2.6389423907300786
3069 欧式距离是： 2.678085851006142
1563 欧式距离是： 2.6860409265504646
2695 欧式距离是： 2.7046873545751047
2518 欧式距离是： 2.7353842697203414
364 欧式距离是： 2.7528347994741194
3335 欧式距离是： 2.758540780542926
3131 欧式距离是： 2.760187193924229
2587 欧式距离是： 2.7617655273898136
2270 欧式距离是： 2.767483651212463
738 欧式距离是： 2.7684585332440825
2571 欧式距离是： 2.784664540394486
1954 欧式距离是： 2.805594982988106
该病对应的全部药方是： [364, 827, 1502, 1563, 1646, 1665, 1803, 1954, 1994, 2004, 2174, 2270, 2346, 2510, 2518, 2571, 2695, 2731, 2982, 3043, 3132, 3215, 3335, 3651, 3674]
推荐的全部药方是： [2174, 3132, 827, 3069, 1563, 2695, 2518, 364, 3335, 3131, 2587, 2270, 738, 2571, 1954]
************* 42 *************
1457
匹配的药方如下：
1632 欧式距离是： 2.204583068794176
3560 欧式距离是： 2.254452810276196
1610 欧式距离是： 2.2646461478845317
1456 欧式距离是： 2.2835353724996184
3069 欧式距离是： 2.3661932356919846
1267 欧式距离是： 2.368868796603934
2876 欧式距离是： 2.373767224543354
1702 欧式距离是： 2.3886128032683023
2498 欧式距离是： 2.4375290765188162
2499 欧式距离是： 2.450385924359599
1634 欧式距离是： 2.4597459359133467
3064 欧式距离是： 2.486455346990316
2587 欧式距离是： 2.487309395460838
487 欧式距离是： 2.488463508660296
2119 欧式距离是： 2.4931794733425283
该病对应的全部药方是： [1456]
推荐的全部药方是： [1632, 3560, 1610, 1456, 3069, 1267, 2876, 1702, 2498, 2499, 1634, 3064, 2587, 487, 2119]
************* 43 *************
2259
匹配的药方如下：
487 欧式距离是： 2.156992489126174
3560 欧式距离是： 2.207933389089438
2587 欧式距离是： 2.242054910545705
222 欧式距离是： 2.2518220684356143
1300 欧式距离是： 2.293668644342209
2111 欧式距离是： 2.313118011252888
1632 欧式距离是： 2.3757308512907644
1267 欧式距离是： 2.408227829962547
1007 欧式距离是： 2.427372601772326
2642 欧式距离是： 2.4390667912345307
738 欧式距离是： 2.4467031163444606
910 欧式距离是： 2.4664318411591797
2258 欧式距离是： 2.487776157311514
59 欧式距离是： 2.4951235284875195
2529 欧式距离是： 2.4954284241754525
该病对应的全部药方是： [2258]
推荐的全部药方是： [487, 3560, 2587, 222, 1300, 2111, 1632, 1267, 1007, 2642, 738, 910, 2258, 59, 2529]
************* 44 *************
2405
匹配的药方如下：
2404 欧式距离是： 1.8486196997696562
2188 欧式距离是： 2.794288225113195
3097 欧式距离是： 2.814337325463869
3407 欧式距离是： 2.9137462385382302
1093 欧式距离是： 2.9747816726550202
1535 欧式距离是： 3.0310216717681544
988 欧式距离是： 3.0783227997339595
543 欧式距离是： 3.1125874780111107
965 欧式距离是： 3.120634519016769
2159 欧式距离是： 3.1208240378645242
1731 欧式距离是： 3.133675936025215
1167 欧式距离是： 3.1476485751419774
2300 欧式距离是： 3.168079425358983
1855 欧式距离是： 3.1775519129200247
2652 欧式距离是： 3.1796165016075264
该病对应的全部药方是： [2404]
推荐的全部药方是： [2404, 2188, 3097, 3407, 1093, 1535, 988, 543, 965, 2159, 1731, 1167, 2300, 1855, 2652]
************* 45 *************
1455
匹配的药方如下：
1454 欧式距离是： 2.447720647288075
222 欧式距离是： 2.616613058414806
1913 欧式距离是： 2.624766399910565
1267 欧式距离是： 2.6558939156954495
2499 欧式距离是： 2.6600787969637545
1610 欧式距离是： 2.66448579595427
565 欧式距离是： 2.6691827230813825
1702 欧式距离是： 2.6771202056572414
3069 欧式距离是： 2.677717731027815
3064 欧式距离是： 2.6815566932468897
2812 欧式距离是： 2.6869303928679438
2736 欧式距离是： 2.6894011913783156
487 欧式距离是： 2.7045057559458123
2962 欧式距离是： 2.71260909746411
882 欧式距离是： 2.7398594090148256
该病对应的全部药方是： [1454]
推荐的全部药方是： [1454, 222, 1913, 1267, 2499, 1610, 565, 1702, 3069, 3064, 2812, 2736, 487, 2962, 882]
************* 46 *************
1122
匹配的药方如下：
2938 欧式距离是： 2.573779833095802
1323 欧式距离是： 2.5762662328660015
1211 欧式距离是： 2.59878237898776
2189 欧式距离是： 2.60012563941479
2179 欧式距离是： 2.608228420916487
1693 欧式距离是： 2.6399639737921476
2812 欧式距离是： 2.644390688812483
3432 欧式距离是： 2.645841973959724
3577 欧式距离是： 2.668393526882066
2484 欧式距离是： 2.6735981955494443
3080 欧式距离是： 2.683762059735091
2936 欧式距离是： 2.691947118211658
2511 欧式距离是： 2.718862334346832
3069 欧式距离是： 2.7424410444907856
222 欧式距离是： 2.7536254900165384
该病对应的全部药方是： [1121, 1211, 1969, 2693, 2938, 3662]
推荐的全部药方是： [2938, 1323, 1211, 2189, 2179, 1693, 2812, 3432, 3577, 2484, 3080, 2936, 2511, 3069, 222]
************* 47 *************
488
匹配的药方如下：
487 欧式距离是： 1.2433276490839118
222 欧式距离是： 1.8670953765241238
2587 欧式距离是： 2.0635327044639356
2642 欧式距离是： 2.110385499156449
1634 欧式距离是： 2.138788668446406
1267 欧式距离是： 2.196836228470795
1300 欧式距离是： 2.213877607442964
2888 欧式距离是： 2.2302324412957333
3069 欧式距离是： 2.237781454451438
2936 欧式距离是： 2.271584897344811
2876 欧式距离是： 2.2824420346690495
3432 欧式距离是： 2.292670999668149
2726 欧式距离是： 2.294899388981372
2086 欧式距离是： 2.298944308624568
3577 欧式距离是： 2.304594485044683
该病对应的全部药方是： [487]
推荐的全部药方是： [487, 222, 2587, 2642, 1634, 1267, 1300, 2888, 3069, 2936, 2876, 3432, 2726, 2086, 3577]
************* 48 *************
1705
匹配的药方如下：
1704 欧式距离是： 1.526470830710936
3345 欧式距离是： 1.5835720680453595
1634 欧式距离是： 2.3886108249381026
3117 欧式距离是： 2.3959851415627065
487 欧式距离是： 2.441957984778911
59 欧式距离是： 2.4802981093242633
3448 欧式距离是： 2.4967272018622584
2833 欧式距离是： 2.5018620634548543
529 欧式距离是： 2.512843036284006
3432 欧式距离是： 2.5163654490028837
3069 欧式距离是： 2.519080450883844
2385 欧式距离是： 2.5294404800151375
2936 欧式距离是： 2.5412695425084544
3560 欧式距离是： 2.547278358453688
2876 欧式距离是： 2.5596924052958387
该病对应的全部药方是： [1704, 3345]
推荐的全部药方是： [1704, 3345, 1634, 3117, 487, 59, 3448, 2833, 529, 3432, 3069, 2385, 2936, 3560, 2876]
************* 49 *************
3544
匹配的药方如下：
3080 欧式距离是： 2.274294247772956
1523 欧式距离是： 2.347586918124983
1610 欧式距离是： 2.3619762449704904
2499 欧式距离是： 2.369315960491648
2812 欧式距离是： 2.425517146945196
738 欧式距离是： 2.4302247868184104
1702 欧式距离是： 2.436284872775867
3560 欧式距离是： 2.450229171793848
1007 欧式距离是： 2.5212317439099396
1323 欧式距离是： 2.5277852380134394
222 欧式距离是： 2.5316112407781475
1632 欧式距离是： 2.541765450586134
2736 欧式距离是： 2.546597719664946
487 欧式距离是： 2.564345258459855
3431 欧式距离是： 2.5652617275597787
该病对应的全部药方是： [3543]
推荐的全部药方是： [3080, 1523, 1610, 2499, 2812, 738, 1702, 3560, 1007, 1323, 222, 1632, 2736, 487, 3431]
************* 50 *************
568
匹配的药方如下：
3448 欧式距离是： 2.236559225855201
2189 欧式距离是： 2.279524311976176
3568 欧式距离是： 2.3393293272858107
487 欧式距离是： 2.349939913120002
1634 欧式距离是： 2.3623483314357165
3577 欧式距离是： 2.3629486235506967
3069 欧式距离是： 2.364717072177841
3117 欧式距离是： 2.3923640974606326
2833 欧式距离是： 2.3971192014469564
2587 欧式距离是： 2.420659369912499
529 欧式距离是： 2.4429920336445865
1018 欧式距离是： 2.457219310944584
3432 欧式距离是： 2.4572589816234225
567 欧式距离是： 2.4728701651957095
910 欧式距离是： 2.490897208914557
该病对应的全部药方是： [567]
推荐的全部药方是： [3448, 2189, 3568, 487, 1634, 3577, 3069, 3117, 2833, 2587, 529, 1018, 3432, 567, 910]
************* 51 *************
3340
匹配的药方如下：
3339 欧式距离是： 1.2208003179970879
454 欧式距离是： 2.0551943989492
1702 欧式距离是： 2.0650228400902835
3560 欧式距离是： 2.0726515368102256
2642 欧式距离是： 2.0934162130506926
487 欧式距离是： 2.1016798810448387
1323 欧式距离是： 2.107927488518781
3101 欧式距离是： 2.110373288908206
2499 欧式距离是： 2.1143078595100047
3024 欧式距离是： 2.1185279762334512
1983 欧式距离是： 2.1482139237105753
1267 欧式距离是： 2.1581091861873163
3577 欧式距离是： 2.159244915949152
699 欧式距离是： 2.1721535852382865
1684 欧式距离是： 2.1877717538869894
该病对应的全部药方是： [3339]
推荐的全部药方是： [3339, 454, 1702, 3560, 2642, 487, 1323, 3101, 2499, 3024, 1983, 1267, 3577, 699, 1684]
************* 52 *************
3025
匹配的药方如下：
3024 欧式距离是： 1.2580331777680656
2876 欧式距离是： 1.9250519468691454
3432 欧式距离是： 2.0365917367671535
2936 欧式距离是： 2.071768117008587
3339 欧式距离是： 2.128030018040273
1634 欧式距离是： 2.1934203767965883
1267 欧式距离是： 2.196654102366027
3013 欧式距离是： 2.2101644091714623
2230 欧式距离是： 2.2193392509998042
3560 欧式距离是： 2.230616246431343
910 欧式距离是： 2.236542239282633
487 欧式距离是： 2.2621388839668466
1138 欧式距离是： 2.2701730458664238
3096 欧式距离是： 2.2739906875570974
3069 欧式距离是： 2.293904372514215
该病对应的全部药方是： [3024]
推荐的全部药方是： [3024, 2876, 3432, 2936, 3339, 1634, 1267, 3013, 2230, 3560, 910, 487, 1138, 3096, 3069]
************* 53 *************
1029
匹配的药方如下：
1028 欧式距离是： 2.5588522411656687
1704 欧式距离是： 3.0727416422745426
3345 欧式距离是： 3.167093479711896
222 欧式距离是： 3.1939468220933
59 欧式距离是： 3.199171876448415
3344 欧式距离是： 3.211589522568514
2001 欧式距离是： 3.2245397994237264
1523 欧式距离是： 3.3187552699487997
2642 欧式距离是： 3.3260971980249074
1300 欧式距离是： 3.3409539522303446
2587 欧式距离是： 3.3521488808909767
2529 欧式距离是： 3.358860158461822
2726 欧式距离是： 3.359252848069212
3560 欧式距离是： 3.3603720547543574
2111 欧式距离是： 3.383206917729292
该病对应的全部药方是： [1028]
推荐的全部药方是： [1028, 1704, 3345, 222, 59, 3344, 2001, 1523, 2642, 1300, 2587, 2529, 2726, 3560, 2111]
************* 54 *************
3559
匹配的药方如下：
3558 欧式距离是： 2.3188912660626104
3577 欧式距离是： 2.34080857490421
1267 欧式距离是： 2.366911736237646
3339 欧式距离是： 2.3980776524109526
2511 欧式距离是： 2.415708000381141
3069 欧式距离是： 2.4607303821794195
2230 欧式距离是： 2.466457088709964
1632 欧式距离是： 2.469735945953328
3448 欧式距离是： 2.480515976316826
222 欧式距离是： 2.4889702492149377
1983 欧式距离是： 2.5024082616329792
1323 欧式距离是： 2.507354906445305
3431 欧式距离是： 2.5148909377472024
2189 欧式距离是： 2.518610248060366
1702 欧式距离是： 2.539360424875782
该病对应的全部药方是： [3558]
推荐的全部药方是： [3558, 3577, 1267, 3339, 2511, 3069, 2230, 1632, 3448, 222, 1983, 1323, 3431, 2189, 1702]
************* 55 *************
1784
匹配的药方如下：
3494 欧式距离是： 2.014416578811227
2413 欧式距离是： 2.1420697794431915
3096 欧式距离是： 2.269646965873782
1406 欧式距离是： 2.2768616530062213
2642 欧式距离是： 2.3337280491608032
3069 欧式距离是： 2.3519061619371753
2499 欧式距离是： 2.3601798665569116
1138 欧式距离是： 2.367286196809039
2511 欧式距离是： 2.3756949382934556
2169 欧式距离是： 2.3944005576023137
1634 欧式距离是： 2.398349693928206
3131 欧式距离是： 2.417005710508921
2700 欧式距离是： 2.4285506908166967
454 欧式距离是： 2.4305718059041244
2230 欧式距离是： 2.433158836008331
该病对应的全部药方是： [1783]
推荐的全部药方是： [3494, 2413, 3096, 1406, 2642, 3069, 2499, 1138, 2511, 2169, 1634, 3131, 2700, 454, 2230]
************* 56 *************
990
匹配的药方如下：
989 欧式距离是： 2.4955931500676467
59 欧式距离是： 2.54516935678326
1219 欧式距离是： 2.5546975984203217
2511 欧式距离是： 2.579836232276111
2605 欧式距离是： 2.6107532218269127
3069 欧式距离是： 2.6281513382561865
1632 欧式距离是： 2.6345909710884077
1300 欧式距离是： 2.6435967908798284
1323 欧式距离是： 2.6465560799813437
2498 欧式距离是： 2.6587592388219723
2587 欧式距离是： 2.658812915425094
222 欧式距离是： 2.6717826946368475
910 欧式距离是： 2.6785582979061706
1634 欧式距离是： 2.685646587989697
738 欧式距离是： 2.707757896416497
该病对应的全部药方是： [989, 1219, 1651, 2605]
推荐的全部药方是： [989, 59, 1219, 2511, 2605, 3069, 1632, 1300, 1323, 2498, 2587, 222, 910, 1634, 738]
************* 57 *************
843
匹配的药方如下：
3013 欧式距离是： 2.1531758451601877
842 欧式距离是： 2.2735795243013452
3448 欧式距离是： 2.3747694778582495
3339 欧式距离是： 2.386444139798882
2511 欧式距离是： 2.421670968582427
2385 欧式距离是： 2.451022833165141
2001 欧式距离是： 2.461723156542729
3577 欧式距离是： 2.4847526766321213
2876 欧式距离是： 2.4858861899314006
2230 欧式距离是： 2.498505652856922
3069 欧式距离是： 2.5013918846765
3024 欧式距离是： 2.5150901870833744
487 欧式距离是： 2.515197641943294
2498 欧式距离是： 2.551862630382467
1983 欧式距离是： 2.558361586993122
该病对应的全部药方是： [842]
推荐的全部药方是： [3013, 842, 3448, 3339, 2511, 2385, 2001, 3577, 2876, 2230, 3069, 3024, 487, 2498, 1983]
************* 58 *************
2320
匹配的药方如下：
2319 欧式距离是： 1.0072870333862602
3525 欧式距离是： 1.017493249247172
3633 欧式距离是： 1.286889911205449
818 欧式距离是： 1.7904415405897969
1134 欧式距离是： 1.9254015456725473
2654 欧式距离是： 1.9851041979021202
2544 欧式距离是： 2.1420771127660814
2519 欧式距离是： 2.24552152150735
3080 欧式距离是： 4.74273212867984
2529 欧式距离是： 4.7510840947454955
1610 欧式距离是： 4.756781436089174
2253 欧式距离是： 4.760122988431708
3448 欧式距离是： 4.768829939427648
222 欧式距离是： 4.772197862933699
3577 欧式距离是： 4.778270043270019
该病对应的全部药方是： [2319]
推荐的全部药方是： [2319, 3525, 3633, 818, 1134, 2654, 2544, 2519, 3080, 2529, 1610, 2253, 3448, 222, 3577]
************* 59 *************
2840
匹配的药方如下：
1632 欧式距离是： 2.1736464191615705
2499 欧式距离是： 2.2183586204458927
1323 欧式距离是： 2.221564438023702
910 欧式距离是： 2.2421945120557254
3101 欧式距离是： 2.41502139755693
3560 欧式距离是： 2.430647014075165
1300 欧式距离是： 2.433880682808328
3117 欧式距离是： 2.4545655426530297
2587 欧式距离是： 2.4599765325362717
1007 欧式距离是： 2.467134785261564
2839 欧式距离是： 2.478617698686241
59 欧式距离是： 2.479107774691902
487 欧式距离是： 2.488102933622363
2413 欧式距离是： 2.4994804722644663
222 欧式距离是： 2.5034602990377923
该病对应的全部药方是： [2839]
推荐的全部药方是： [1632, 2499, 1323, 910, 3101, 3560, 1300, 3117, 2587, 1007, 2839, 59, 487, 2413, 222]
************* 60 *************
1609
匹配的药方如下：
1632 欧式距离是： 2.1711532289946627
3560 欧式距离是： 2.2658961307020715
2230 欧式距离是： 2.3010789079992904
1267 欧式距离是： 2.3107887965689833
2499 欧式距离是： 2.3217893195956334
1702 欧式距离是： 2.3230447708567534
2253 欧式距离是： 2.3258362353486337
2529 欧式距离是： 2.332013634657513
1634 欧式距离是： 2.33898056001826
2876 欧式距离是： 2.3450676888832365
454 欧式距离是： 2.346320728035766
3069 欧式距离是： 2.3506705128458742
3064 欧式距离是： 2.359132490054665
2001 欧式距离是： 2.363609830727498
3577 欧式距离是： 2.376112951753062
该病对应的全部药方是： [1608]
推荐的全部药方是： [1632, 3560, 2230, 1267, 2499, 1702, 2253, 2529, 1634, 2876, 454, 3069, 3064, 2001, 3577]
************* 61 *************
3066
匹配的药方如下：
3065 欧式距离是： 2.3770437950105783
1702 欧式距离是： 2.4121709030508844
1267 欧式距离是： 2.421934097632874
2111 欧式距离是： 2.4290313251645874
3560 欧式距离是： 2.480860935333465
487 欧式距离是： 2.511035999444157
3196 欧式距离是： 2.528299661668923
699 欧式距离是： 2.5625930895529714
1632 欧式距离是： 2.5689407895357093
3339 欧式距离是： 2.5697779926493367
3101 欧式距离是： 2.5731578569781206
3577 欧式距离是： 2.6094691900777054
2771 欧式距离是： 2.614315481079622
2642 欧式距离是： 2.617013218796184
2499 欧式距离是： 2.6263813896300805
该病对应的全部药方是： [3065]
推荐的全部药方是： [3065, 1702, 1267, 2111, 3560, 487, 3196, 699, 1632, 3339, 3101, 3577, 2771, 2642, 2499]
************* 62 *************
470
匹配的药方如下：
469 欧式距离是： 2.215189243808971
1634 欧式距离是： 2.372202219530065
3069 欧式距离是： 2.5720874144741668
738 欧式距离是： 2.5778480260208716
1018 欧式距离是： 2.5799751221182
3448 欧式距离是： 2.6037835238445854
2511 欧式距离是： 2.6037950461322628
1267 欧式距离是： 2.606820201091791
487 欧式距离是： 2.634399474913009
1007 欧式距离是： 2.6800519027123957
3117 欧式距离是： 2.6994038157679467
2587 欧式距离是： 2.7037780236243028
2833 欧式距离是： 2.7057518357618346
2726 欧式距离是： 2.7058672636343206
1704 欧式距离是： 2.7084101333522512
该病对应的全部药方是： [469]
推荐的全部药方是： [469, 1634, 3069, 738, 1018, 3448, 2511, 1267, 487, 1007, 3117, 2587, 2833, 2726, 1704]
************* 63 *************
2919
匹配的药方如下：
3013 欧式距离是： 2.124591176938482
1523 欧式距离是： 2.180212592497869
2736 欧式距离是： 2.183687154765061
3069 欧式距离是： 2.2202552708300143
3080 欧式距离是： 2.227978782534456
2385 欧式距离是： 2.278020380200423
2001 欧式距离是： 2.2838001852132397
1610 欧式距离是： 2.2885529026602867
2253 欧式距离是： 2.289885278723109
2771 欧式距离是： 2.2967152098511945
1267 欧式距离是： 2.3210482243003114
2230 欧式距离是： 2.342728040557828
2499 欧式距离是： 2.350973481591475
3064 欧式距离是： 2.4029751917600266
3560 欧式距离是： 2.4154668808717332
该病对应的全部药方是： [2918]
推荐的全部药方是： [3013, 1523, 2736, 3069, 3080, 2385, 2001, 1610, 2253, 2771, 1267, 2230, 2499, 3064, 3560]
************* 64 *************
1508
匹配的药方如下：
2385 欧式距离是： 1.99603394168421
2230 欧式距离是： 2.074495015347512
1267 欧式距离是： 2.283963755819563
1507 欧式距离是： 2.2911669941614097
2111 欧式距离是： 2.3192418167801225
1702 欧式距离是： 2.329671171962668
3069 欧式距离是： 2.334276891326009
2001 欧式距离是： 2.342022703406142
2499 欧式距离是： 2.3527742999783645
738 欧式距离是： 2.3716515641752998
1634 欧式距离是： 2.4098412635093425
2189 欧式距离是： 2.4367485406364926
3577 欧式距离是： 2.440189540490636
2587 欧式距离是： 2.4431341290351063
1632 欧式距离是： 2.447662361414665
该病对应的全部药方是： [1507]
推荐的全部药方是： [2385, 2230, 1267, 1507, 2111, 1702, 3069, 2001, 2499, 738, 1634, 2189, 3577, 2587, 1632]
************* 65 *************
2825
匹配的药方如下：
2824 欧式距离是： 2.2227734671414345
3344 欧式距离是： 2.4635336974953144
1632 欧式距离是： 2.5332742064028064
3196 欧式距离是： 2.590927805183885
2111 欧式距离是： 2.5942263382094146
1267 欧式距离是： 2.6035230687061994
2499 欧式距离是： 2.6238395710836615
2498 欧式距离是： 2.6326525751753467
487 欧式距离是： 2.65070755179762
59 欧式距离是： 2.667749307624243
3560 欧式距离是： 2.6778046396403754
2484 欧式距离是： 2.730961702080841
738 欧式距离是： 2.739346319938159
2587 欧式距离是： 2.744384610189079
1702 欧式距离是： 2.7445290144698813
该病对应的全部药方是： [2824]
推荐的全部药方是： [2824, 3344, 1632, 3196, 2111, 1267, 2499, 2498, 487, 59, 3560, 2484, 738, 2587, 1702]
************* 66 *************
3684
匹配的药方如下：
3683 欧式距离是： 2.038429504341877
1632 欧式距离是： 2.1436170862197788
3069 欧式距离是： 2.198449394651416
910 欧式距离是： 2.198774258004373
738 欧式距离是： 2.213609115716156
1007 欧式距离是： 2.2263690153810276
2499 欧式距离是： 2.229464813775143
1523 欧式距离是： 2.2344931736222677
3344 欧式距离是： 2.2529263321661674
2511 欧式距离是： 2.2619843395065464
2119 欧式距离是： 2.263700862111262
2587 欧式距离是： 2.267578960190981
1323 欧式距离是： 2.2786382626664263
59 欧式距离是： 2.2940902387152535
1406 欧式距离是： 2.308698418873979
该病对应的全部药方是： [3683]
推荐的全部药方是： [3683, 1632, 3069, 910, 738, 1007, 2499, 1523, 3344, 2511, 2119, 2587, 1323, 59, 1406]
************* 67 *************
3426
匹配的药方如下：
3080 欧式距离是： 2.275302367979465
738 欧式距离是： 2.3250453851823982
1632 欧式距离是： 2.3688925970443933
59 欧式距离是： 2.397489160145621
222 欧式距离是： 2.4068820917280793
487 欧式距离是： 2.413498688191816
3560 欧式距离是： 2.418050803157956
3425 欧式距离是： 2.4327172971405457
2111 欧式距离是： 2.4346476846136054
2086 欧式距离是： 2.43639192519846
2189 欧式距离是： 2.436788344053551
2499 欧式距离是： 2.4405132743211513
1267 欧式距离是： 2.445680225606389
1523 欧式距离是： 2.4485516689406297
1007 欧式距离是： 2.4631082973612326
该病对应的全部药方是： [3425]
推荐的全部药方是： [3080, 738, 1632, 59, 222, 487, 3560, 3425, 2111, 2086, 2189, 2499, 1267, 1523, 1007]
************* 68 *************
2191
匹配的药方如下：
3023 欧式距离是： 2.456210815168376
2697 欧式距离是： 2.5721098897773453
2691 欧式距离是： 2.5852830788997827
2190 欧式距离是： 2.6251885477589
1610 欧式距离是： 2.697800265539965
3560 欧式距离是： 2.7027060644595196
1523 欧式距离是： 2.7382574525943335
222 欧式距离是： 2.739636558002406
963 欧式距离是： 2.7508110256467795
1632 欧式距离是： 2.764076033450262
1702 欧式距离是： 2.7743628980632353
2587 欧式距离是： 2.793286176638171
1300 欧式距离是： 2.8152643201106495
3431 欧式距离是： 2.8364912718659223
1007 欧式距离是： 2.849756753716775
该病对应的全部药方是： [2190, 2691, 2697, 3023]
推荐的全部药方是： [3023, 2697, 2691, 2190, 1610, 3560, 1523, 222, 963, 1632, 1702, 2587, 1300, 3431, 1007]
************* 69 *************
1929
匹配的药方如下：
1323 欧式距离是： 2.3639501290449845
2511 欧式距离是： 2.4712699159291076
2936 欧式距离是： 2.4753893258253212
2189 欧式距离是： 2.4788216020818727
3432 欧式距离是： 2.5059537283000135
487 欧式距离是： 2.51377127869018
1267 欧式距离是： 2.5317637923810272
1983 欧式距离是： 2.5439275132658214
2888 欧式距离是： 2.557546045392246
2833 欧式距离是： 2.586591855531249
1634 欧式距离是： 2.5892797659831324
529 欧式距离是： 2.5914916206969463
3024 欧式距离是： 2.602442500936748
3069 欧式距离是： 2.6033047182017466
2529 欧式距离是： 2.613999760537223
该病对应的全部药方是： [1928, 2451]
推荐的全部药方是： [1323, 2511, 2936, 2189, 3432, 487, 1267, 1983, 2888, 2833, 1634, 529, 3024, 3069, 2529]
************* 70 *************
1633
匹配的药方如下：
1632 欧式距离是： 1.4201961852435343
2941 欧式距离是： 2.409905605575313
2499 欧式距离是： 2.4568423723371415
3560 欧式距离是： 2.4891246941167924
2511 欧式距离是： 2.4965165592584784
3117 欧式距离是： 2.507710097896723
2484 欧式距离是： 2.5078756890707083
1323 欧式距离是： 2.5464499962248417
487 欧式距离是： 2.565094498060083
699 欧式距离是： 2.5831853472481314
3494 欧式距离是： 2.5907942223739653
2413 欧式距离是： 2.5986406002103295
1702 欧式距离是： 2.6018949240234392
1007 欧式距离是： 2.6083417524568886
2876 欧式距离是： 2.6128217871256685
该病对应的全部药方是： [1632, 2941]
推荐的全部药方是： [1632, 2941, 2499, 3560, 2511, 3117, 2484, 1323, 487, 699, 3494, 2413, 1702, 1007, 2876]
************* 71 *************
3666
匹配的药方如下：
3665 欧式距离是： 1.820052265166483
3196 欧式距离是： 2.7885224830789386
3013 欧式距离是： 3.0139099119129606
3448 欧式距离是： 3.0171284743879294
974 欧式距离是： 3.026817946670337
2484 欧式距离是： 3.0978060177056825
2511 欧式距离是： 3.111577618141834
3069 欧式距离是： 3.113281592520989
699 欧式距离是： 3.144957754300161
2736 欧式距离是： 3.147341574498318
1027 欧式距离是： 3.160048202276051
2876 欧式距离是： 3.166884106471613
1267 欧式距离是： 3.1941575656673784
882 欧式距离是： 3.2232003720759383
3132 欧式距离是： 3.225911293431236
该病对应的全部药方是： [3665]
推荐的全部药方是： [3665, 3196, 3013, 3448, 974, 2484, 2511, 3069, 699, 2736, 1027, 2876, 1267, 882, 3132]
************* 72 *************
2674
匹配的药方如下：
3101 欧式距离是： 2.052598364889567
2673 欧式距离是： 2.288228271692676
2119 欧式距离是： 2.311950530662674
1632 欧式距离是： 2.3608967102790457
3069 欧式距离是： 2.4249655323345207
3560 欧式距离是： 2.4330901732098185
2001 欧式距离是： 2.4652956808156667
59 欧式距离是： 2.4760070663735667
2587 欧式距离是： 2.481155716904166
1702 欧式距离是： 2.4927285367406182
1300 欧式距离是： 2.520559826955175
2230 欧式距离是： 2.5331610171111185
2111 欧式距离是： 2.542519341812211
454 欧式距离是： 2.5429457358352687
2499 欧式距离是： 2.5488208296341783
该病对应的全部药方是： [2673]
推荐的全部药方是： [3101, 2673, 2119, 1632, 3069, 3560, 2001, 59, 2587, 1702, 1300, 2230, 2111, 454, 2499]
************* 73 *************
1377
匹配的药方如下：
1632 欧式距离是： 2.3057538570669687
2876 欧式距离是： 2.41986201410034
487 欧式距离是： 2.4200988110556527
3069 欧式距离是： 2.4374781568210406
3577 欧式距离是： 2.446197239831252
3560 欧式距离是： 2.4494022448454573
1376 欧式距离是： 2.462988504117036
1702 欧式距离是： 2.487952054348126
2484 欧式距离是： 2.49836783849489
3448 欧式距离是： 2.501971626215138
2001 欧式距离是： 2.533411380106601
2119 欧式距离是： 2.543627297041391
2587 欧式距离是： 2.5442001759013397
1267 欧式距离是： 2.563327287999076
3431 欧式距离是： 2.57568699954747
该病对应的全部药方是： [1376]
推荐的全部药方是： [1632, 2876, 487, 3069, 3577, 3560, 1376, 1702, 2484, 3448, 2001, 2119, 2587, 1267, 3431]
************* 74 *************
2949
匹配的药方如下：
59 欧式距离是： 2.0615142862236557
2948 欧式距离是： 2.15283831745018
3560 欧式距离是： 2.3060182315035105
3101 欧式距离是： 2.4194695310959857
2587 欧式距离是： 2.4259198074453296
2001 欧式距离是： 2.4414698056125825
3448 欧式距离是： 2.4658412343858886
3344 欧式距离是： 2.4694989781729952
1632 欧式距离是： 2.472652616594556
1300 欧式距离是： 2.4892812966071203
1523 欧式距离是： 2.4943705751417733
3432 欧式距离是： 2.505371539960931
2771 欧式距离是： 2.506590509377322
2736 欧式距离是： 2.5139115022516414
2119 欧式距离是： 2.5257207612295995
该病对应的全部药方是： [2948]
推荐的全部药方是： [59, 2948, 3560, 3101, 2587, 2001, 3448, 3344, 1632, 1300, 1523, 3432, 2771, 2736, 2119]
************* 75 *************
1899
匹配的药方如下：
3293 欧式距离是： 2.1136238538240804
3577 欧式距离是： 2.5175314847547265
2499 欧式距离是： 2.5508199408874788
1632 欧式距离是： 2.579276639595974
2876 欧式距离是： 2.5927697718045963
800 欧式距离是： 2.6165954794392676
487 欧式距离是： 2.617495365369245
2111 欧式距离是： 2.618122257615864
3339 欧式距离是： 2.625933892592975
2511 欧式距离是： 2.640175550513952
1898 欧式距离是： 2.6613419394926945
3431 欧式距离是： 2.6679014211695784
2385 欧式距离是： 2.6825731571304656
2587 欧式距离是： 2.686251205009
3064 欧式距离是： 2.687195640921476
该病对应的全部药方是： [1898, 2562, 3293]
推荐的全部药方是： [3293, 3577, 2499, 1632, 2876, 800, 487, 2111, 3339, 2511, 1898, 3431, 2385, 2587, 3064]
************* 76 *************
33
匹配的药方如下：
1013 欧式距离是： 2.218170766238643
2511 欧式距离是： 2.4112783464164513
1634 欧式距离是： 2.4810875891099617
2558 欧式距离是： 2.4829547110635004
3196 欧式距离是： 2.4899320725293594
3069 欧式距离是： 2.5272233568709592
3247 欧式距离是： 2.550071716696658
2653 欧式距离是： 2.56015048564146
1702 欧式距离是： 2.5765875482424283
3448 欧式距离是： 2.602490890512891
3577 欧式距离是： 2.6082471951880835
1913 欧式距离是： 2.6087312226947854
32 欧式距离是： 2.6117231724623866
487 欧式距离是： 2.6396057658438106
1043 欧式距离是： 2.6438888822370874
该病对应的全部药方是： [32, 887, 1013, 1043, 1649, 1674, 1908, 2090, 2267, 2502, 2558, 2653, 1908, 2735, 3077, 3247, 3599]
推荐的全部药方是： [1013, 2511, 1634, 2558, 3196, 3069, 3247, 2653, 1702, 3448, 3577, 1913, 32, 487, 1043]
************* 77 *************
3116
匹配的药方如下：
3115 欧式距离是： 2.339328134690954
1018 欧式距离是： 2.4088199471052083
529 欧式距离是： 2.472336016938771
2833 欧式距离是： 2.4754820992286186
1983 欧式距离是： 2.516716683051663
1267 欧式距离是： 2.551510300477698
2385 欧式距离是： 2.5604740068315577
2499 欧式距离是： 2.5790367334545707
1634 欧式距离是： 2.5799179044989646
3560 欧式距离是： 2.599067880837294
3339 欧式距离是： 2.602027643287534
454 欧式距离是： 2.609587470666982
1702 欧式距离是： 2.6213733211204637
1138 欧式距离是： 2.6546747335101357
3064 欧式距离是： 2.654870124068518
该病对应的全部药方是： [3115]
推荐的全部药方是： [3115, 1018, 529, 2833, 1983, 1267, 2385, 2499, 1634, 3560, 3339, 454, 1702, 1138, 3064]
************* 78 *************
1890
匹配的药方如下：
1523 欧式距离是： 2.1208552515434507
222 欧式距离是： 2.157833393731113
2086 欧式距离是： 2.251348876114774
3069 欧式距离是： 2.2732915105001386
2771 欧式距离是： 2.281938190455698
3080 欧式距离是： 2.298741878275485
1610 欧式距离是： 2.2991139007777415
1889 欧式距离是： 2.305515422265437
2529 欧式距离是： 2.316578570089774
487 欧式距离是： 2.3260606885535062
2001 欧式距离是： 2.3425256045512297
3448 欧式距离是： 2.365393912507122
738 欧式距离是： 2.3656967362792454
1702 欧式距离是： 2.3678412062791288
2736 欧式距离是： 2.36910892335924
该病对应的全部药方是： [1889]
推荐的全部药方是： [1523, 222, 2086, 3069, 2771, 3080, 1610, 1889, 2529, 487, 2001, 3448, 738, 1702, 2736]
************* 79 *************
219
匹配的药方如下：
2622 欧式距离是： 2.551667042006037
1314 欧式距离是： 2.571383763970452
2332 欧式距离是： 2.6008928795121364
3571 欧式距离是： 2.6285548150520226
1818 欧式距离是： 2.6699028467270236
1958 欧式距离是： 2.671932896249717
1091 欧式距离是： 2.70387770680354
999 欧式距离是： 2.7256324548586788
2511 欧式距离是： 2.7443787547946523
2113 欧式距离是： 2.7510581704667603
218 欧式距离是： 2.769822880129205
2815 欧式距离是： 2.771041796409122
3216 欧式距离是： 2.796403557858025
1647 欧式距离是： 2.800445861369702
222 欧式距离是： 2.801750726036961
该病对应的全部药方是： [218, 993, 999, 1022, 1091, 1314, 1532, 1647, 1687, 1818, 1958, 2050, 2113, 2183, 2332, 2513, 2607, 2622, 2815, 3216, 3289, 3352, 3553, 3571]
推荐的全部药方是： [2622, 1314, 2332, 3571, 1818, 1958, 1091, 999, 2511, 2113, 218, 2815, 3216, 1647, 222]
************* 80 *************
704
匹配的药方如下：
1861 欧式距离是： 1.5264223660362606
1764 欧式距离是： 2.3711097753455164
3140 欧式距离是： 2.5212026669759604
703 欧式距离是： 2.536565913787823
3252 欧式距离是： 2.5756018389471893
1371 欧式距离是： 2.618830005025397
1554 欧式距离是： 2.7325054952252024
2585 欧式距离是： 2.7899076390552957
778 欧式距离是： 2.8470704588542834
1634 欧式距离是： 2.8522547796461786
1632 欧式距离是： 2.8698371461490115
2499 欧式距离是： 2.8807341274615164
1523 欧式距离是： 2.905356405600102
3064 欧式距离是： 2.92604871983814
2111 欧式距离是： 2.938360032447344
该病对应的全部药方是： [703, 778, 1371, 1554, 1764, 1861, 2585, 2755, 3016, 3140, 3252]
推荐的全部药方是： [1861, 1764, 3140, 703, 3252, 1371, 1554, 2585, 778, 1634, 1632, 2499, 1523, 3064, 2111]
************* 81 *************
1935
匹配的药方如下：
3511 欧式距离是： 1.5404284560407115
2001 欧式距离是： 2.4014915625133595
2230 欧式距离是： 2.475190748630456
1702 欧式距离是： 2.5239659489085264
3069 欧式距离是： 2.5715441980306655
1934 欧式距离是： 2.587898485924132
2253 欧式距离是： 2.599359300629514
2385 欧式距离是： 2.606598605737497
3461 欧式距离是： 2.6070572008050266
3577 欧式距离是： 2.6120736272836584
3096 欧式距离是： 2.6123030668522045
2511 欧式距离是： 2.631631220293494
3013 欧式距离是： 2.631714803586069
1138 欧式距离是： 2.674556677633938
1632 欧式距离是： 2.697992643748974
该病对应的全部药方是： [1934, 3461, 3511]
推荐的全部药方是： [3511, 2001, 2230, 1702, 3069, 1934, 2253, 2385, 3461, 3577, 3096, 2511, 3013, 1138, 1632]
************* 82 *************
1565
匹配的药方如下：
1564 欧式距离是： 2.357386792978587
487 欧式距离是： 2.3646830467894566
3432 欧式距离是： 2.371487880454228
3339 欧式距离是： 2.3808972217334845
2936 欧式距离是： 2.4095240298370717
3560 欧式距离是： 2.4197066700989094
3577 欧式距离是： 2.4974439886306223
1300 欧式距离是： 2.503127318230692
2587 欧式距离是： 2.5038533967875036
3117 欧式距离是： 2.5146478468508344
1702 欧式距离是： 2.5233917050887533
3024 欧式距离是： 2.5243057790164065
1634 欧式距离是： 2.535392792565882
1267 欧式距离是： 2.5454434467864546
3069 欧式距离是： 2.5652242496617963
该病对应的全部药方是： [1564]
推荐的全部药方是： [1564, 487, 3432, 3339, 2936, 3560, 3577, 1300, 2587, 3117, 1702, 3024, 1634, 1267, 3069]
************* 83 *************
2345
匹配的药方如下：
3013 欧式距离是： 2.073523062995775
487 欧式距离是： 2.2619975829748427
3560 欧式距离是： 2.26361140585859
1267 欧式距离是： 2.2782967967734438
2253 欧式距离是： 2.2788572880460602
2499 欧式距离是： 2.2797613639093797
1634 欧式距离是： 2.284979695366845
3069 欧式距离是： 2.29637600627373
2812 欧式距离是： 2.299468135974679
3448 欧式距离是： 2.3054845530534505
59 欧式距离是： 2.307503238152376
2876 欧式距离是： 2.3121783336966573
2385 欧式距离是： 2.316795720585988
1632 欧式距离是： 2.3333336222388037
3080 欧式距离是： 2.3417318110966496
该病对应的全部药方是： [2344]
推荐的全部药方是： [3013, 487, 3560, 1267, 2253, 2499, 1634, 3069, 2812, 3448, 59, 2876, 2385, 1632, 3080]
************* 84 *************
2364
匹配的药方如下：
2363 欧式距离是： 2.3481004937260903
3196 欧式距离是： 2.432190000917031
3069 欧式距离是： 2.500733123377926
3448 欧式距离是： 2.504044966841562
3577 欧式距离是： 2.5360886126523186
222 欧式距离是： 2.6034117173661535
1323 欧式距离是： 2.609892149230459
487 欧式距离是： 2.6271817697274136
3568 欧式距离是： 2.641582406346776
2189 欧式距离是： 2.6452271887539593
2642 欧式距离是： 2.6600662335678655
3560 欧式距离是： 2.68421408793231
2888 欧式距离是： 2.6918348289133553
2484 欧式距离是： 2.7369733014882445
2119 欧式距离是： 2.753510317484073
该病对应的全部药方是： [2363]
推荐的全部药方是： [2363, 3196, 3069, 3448, 3577, 222, 1323, 487, 3568, 2189, 2642, 3560, 2888, 2484, 2119]
************* 85 *************
1221
匹配的药方如下：
3577 欧式距离是： 2.1420019388788583
2230 欧式距离是： 2.221982347108315
3013 欧式距离是： 2.255872682045261
2001 欧式距离是： 2.2622441073298463
1220 欧式距离是： 2.2674909676706734
1634 欧式距离是： 2.28374633052655
2876 欧式距离是： 2.289849146262263
3069 欧式距离是： 2.291254141530004
2047 欧式距离是： 2.3253618242274245
2511 欧式距离是： 2.325581081014169
3024 欧式距离是： 2.3433959374111293
2111 欧式距离是： 2.3711680943118587
1702 欧式距离是： 2.4063094403576395
2385 欧式距离是： 2.410547503140485
3096 欧式距离是： 2.4141678477389887
该病对应的全部药方是： [1220]
推荐的全部药方是： [3577, 2230, 3013, 2001, 1220, 1634, 2876, 3069, 2047, 2511, 3024, 2111, 1702, 2385, 3096]
************* 86 *************
2637
匹配的药方如下：
59 欧式距离是： 2.1226217646116616
1702 欧式距离是： 2.193556248538649
1523 欧式距离是： 2.2117911410114948
3560 欧式距离是： 2.2499386538833246
2001 欧式距离是： 2.2630106013105125
2636 欧式距离是： 2.2851148132579104
3344 欧式距离是： 2.3551855237572443
2385 欧式距离是： 2.3595379237684737
2587 欧式距离是： 2.375169371209275
1632 欧式距离是： 2.3776973758054907
133 欧式距离是： 2.3886645846558934
910 欧式距离是： 2.3911324517024823
1610 欧式距离是： 2.4038139709670108
3101 欧式距离是： 2.4076910067583954
3432 欧式距离是： 2.408409042509495
该病对应的全部药方是： [2636]
推荐的全部药方是： [59, 1702, 1523, 3560, 2001, 2636, 3344, 2385, 2587, 1632, 133, 910, 1610, 3101, 3432]
************* 87 *************
307
匹配的药方如下：
974 欧式距离是： 1.3557797336383823
2961 欧式距离是： 1.4331688065063346
2881 欧式距离是： 2.5694400740747736
932 欧式距离是： 2.684857326493984
3029 欧式距离是： 2.6855868056462895
1837 欧式距离是： 2.72599868320875
222 欧式距离是： 2.746874395302573
1130 欧式距离是： 2.7490385018424623
487 欧式距离是： 2.758506218048183
306 欧式距离是： 2.7738920889138576
2758 欧式距离是： 2.780036517069487
3404 欧式距离是： 2.790855225473043
2921 欧式距离是： 2.8096025086698795
3465 欧式距离是： 2.830805628152448
1960 欧式距离是： 2.862634864351365
该病对应的全部药方是： [306, 932, 974, 1130, 1217, 1276, 1837, 1960, 2265, 2758, 2881, 2921, 2961, 3029, 3068, 3404, 3465, 3531]
推荐的全部药方是： [974, 2961, 2881, 932, 3029, 1837, 222, 1130, 487, 306, 2758, 3404, 2921, 3465, 1960]
************* 88 *************
1977
匹配的药方如下：
1976 欧式距离是： 2.2959996925259496
1702 欧式距离是： 2.442781611596171
2499 欧式距离是： 2.5060774015841623
3560 欧式距离是： 2.568632126617964
1323 欧式距离是： 2.607935481484571
2001 欧式距离是： 2.6393994716403912
1632 欧式距离是： 2.6426252888148216
1267 欧式距离是： 2.643038521755241
3101 欧式距离是： 2.651139317726964
454 欧式距离是： 2.655725220541221
3339 欧式距离是： 2.6895035544124197
2529 欧式距离是： 2.7161833428649893
3431 欧式距离是： 2.728775362915467
2230 欧式距离是： 2.7305034674172726
3511 欧式距离是： 2.745166891404862
该病对应的全部药方是： [1976]
推荐的全部药方是： [1976, 1702, 2499, 3560, 1323, 2001, 1632, 1267, 3101, 454, 3339, 2529, 3431, 2230, 3511]
************* 89 *************
3452
匹配的药方如下：
1704 欧式距离是： 2.1836203796054345
3345 欧式距离是： 2.2946190224823337
3451 欧式距离是： 2.340302506130071
1632 欧式距离是： 2.3407157450859657
2587 欧式距离是： 2.48999119336917
59 欧式距离是： 2.521251692312535
2119 欧式距离是： 2.522201378991037
1300 欧式距离是： 2.5260016866732165
3560 欧式距离是： 2.528585964727834
2499 欧式距离是： 2.5459212364445625
3101 欧式距离是： 2.546331692885741
487 欧式距离是： 2.553808788077355
738 欧式距离是： 2.572877998259105
3344 欧式距离是： 2.575007167501124
2111 欧式距离是： 2.5939652141560687
该病对应的全部药方是： [3451]
推荐的全部药方是： [1704, 3345, 3451, 1632, 2587, 59, 2119, 1300, 3560, 2499, 3101, 487, 738, 3344, 2111]
************* 90 *************
3271
匹配的药方如下：
738 欧式距离是： 2.3355966134210404
3270 欧式距离是： 2.4301645908639236
2111 欧式距离是： 2.4679872008977304
1007 欧式距离是： 2.4914875725855223
1193 欧式距离是： 2.6080141498631453
1018 欧式距离是： 2.6366996941841023
2499 欧式距离是： 2.6471179667417233
2587 欧式距离是： 2.6516077325270198
3196 欧式距离是： 2.6518735639128166
487 欧式距离是： 2.659838661737444
133 欧式距离是： 2.663230419304248
59 欧式距离是： 2.6747335503136833
222 欧式距离是： 2.680374067344002
3344 欧式距离是： 2.688199247354509
1169 欧式距离是： 2.7011205578660555
该病对应的全部药方是： [3270]
推荐的全部药方是： [738, 3270, 2111, 1007, 1193, 1018, 2499, 2587, 3196, 487, 133, 59, 222, 3344, 1169]




test 个数为： 91
hit 个数为： 76
命中率为： 0.8351648351648352