/Users/Stitch/PycharmProjects/EI_1/venv/bin/python /Users/Stitch/PycharmProjects/EI_1/KNN2.py
抽取数： 559
匹配数： 49
(17, array([0, 0, 0, 0, 0, 0, 0, 0, 0, 0, 0]), array([1, 0, 0, 1, 0, 0, 0, 0, 0, 0, 0, 0, 0, 0]), array([0, 0, 0, 0, 0, 0, 0, 0, 0, 0, 0, 0, 0, 0, 0, 1, 0, 0, 0, 0, 0, 0,
       0, 0, 0, 0, 0, 0, 0, 0]))
(17, array([0, 0, 0, 0, 0, 0, 0, 0, 0, 0, 0]), array([1, 0, 0, 1, 0, 0, 0, 0, 0, 0, 0, 0, 0, 0]), array([0, 0, 0, 0, 0, 0, 0, 0, 0, 0, 0, 0, 0, 0, 0, 1, 0, 0, 0, 0, 0, 0,
       0, 0, 0, 0, 0, 0, 0, 0]))
0 欧氏距离： 0.0 49 归一化后的欧氏距离 1.0
1 欧氏距离： 0.0 559 归一化后的欧氏距离 1.0
2 欧氏距离： 0.0 1495 归一化后的欧氏距离 1.0
3 欧氏距离： 1.0 151 归一化后的欧氏距离 0.5
4 欧氏距离： 1.0 218 归一化后的欧氏距离 0.5
5 欧氏距离： 1.0 254 归一化后的欧氏距离 0.5
6 欧氏距离： 1.0 285 归一化后的欧氏距离 0.5
7 欧氏距离： 1.0 289 归一化后的欧氏距离 0.5
8 欧氏距离： 1.0 375 归一化后的欧氏距离 0.5
9 欧氏距离： 1.0 520 归一化后的欧氏距离 0.5
**********************************************
抽取数： 1397
匹配数： 579
(14, array([0, 0, 0, 0, 0, 0, 0, 0, 0, 0, 0]), array([0, 0, 0, 0, 0, 0, 0, 0, 0, 0, 0, 0, 0, 0]), array([0, 0, 0, 0, 0, 0, 0, 0, 0, 0, 0, 0, 0, 0, 0, 0, 0, 0, 0, 0, 0, 0,
       0, 0, 0, 0, 0, 0, 0, 0]))
(14, array([0, 0, 0, 0, 0, 0, 0, 0, 0, 0, 0]), array([0, 0, 0, 0, 0, 0, 0, 0, 0, 0, 0, 0, 0, 0]), array([0, 0, 0, 0, 0, 0, 0, 0, 0, 0, 0, 0, 0, 0, 0, 0, 0, 0, 0, 0, 0, 0,
       0, 0, 0, 0, 0, 0, 0, 0]))
0 欧氏距离： 0.0 579 归一化后的欧氏距离 1.0
1 欧氏距离： 0.0 1397 归一化后的欧氏距离 1.0
2 欧氏距离： 1.0 23 归一化后的欧氏距离 0.5
3 欧氏距离： 1.0 48 归一化后的欧氏距离 0.5
4 欧氏距离： 1.0 114 归一化后的欧氏距离 0.5
5 欧氏距离： 1.0 168 归一化后的欧氏距离 0.5
6 欧氏距离： 1.0 172 归一化后的欧氏距离 0.5
7 欧氏距离： 1.0 300 归一化后的欧氏距离 0.5
8 欧氏距离： 1.0 363 归一化后的欧氏距离 0.5
9 欧氏距离： 1.0 404 归一化后的欧氏距离 0.5
**********************************************
抽取数： 1684
匹配数： 1586
(18, array([0, 0, 0, 0, 0, 0, 0, 0, 0, 0, 0]), array([1, 0, 0, 1, 0, 0, 0, 0, 0, 0, 0, 0, 0, 0]), array([0, 0, 0, 0, 0, 0, 0, 0, 0, 0, 0, 0, 0, 0, 0, 1, 0, 0, 0, 0, 0, 1,
       0, 0, 0, 0, 0, 0, 0, 0]))
(18, array([0, 0, 0, 0, 0, 0, 0, 0, 0, 0, 0]), array([1, 0, 0, 1, 0, 0, 0, 0, 0, 0, 0, 0, 0, 0]), array([0, 0, 0, 0, 0, 0, 0, 0, 0, 0, 0, 0, 0, 0, 0, 1, 0, 0, 0, 0, 0, 1,
       0, 0, 0, 0, 0, 0, 0, 0]))
0 欧氏距离： 0.0 1586 归一化后的欧氏距离 1.0
1 欧氏距离： 0.0 1684 归一化后的欧氏距离 1.0
2 欧氏距离： 1.0 9 归一化后的欧氏距离 0.5
3 欧氏距离： 1.0 11 归一化后的欧氏距离 0.5
4 欧氏距离： 1.0 91 归一化后的欧氏距离 0.5
5 欧氏距离： 1.0 141 归一化后的欧氏距离 0.5
6 欧氏距离： 1.0 315 归一化后的欧氏距离 0.5
7 欧氏距离： 1.0 465 归一化后的欧氏距离 0.5
8 欧氏距离： 1.0 570 归一化后的欧氏距离 0.5
9 欧氏距离： 1.0 648 归一化后的欧氏距离 0.5
**********************************************
抽取数： 493
匹配数： 244
(23, array([0, 0, 1, 0, 0, 0, 0, 0, 0, 0, 0]), array([0, 1, 0, 1, 0, 0, 0, 0, 0, 0, 0, 0, 0, 0]), array([0, 0, 0, 0, 0, 0, 0, 0, 0, 0, 0, 0, 0, 0, 0, 0, 0, 0, 0, 0, 0, 1,
       0, 0, 0, 0, 0, 0, 0, 0]))
(23, array([0, 0, 1, 0, 0, 0, 0, 0, 0, 0, 0]), array([0, 1, 0, 1, 0, 0, 0, 0, 0, 0, 0, 0, 0, 0]), array([0, 0, 0, 0, 0, 0, 0, 0, 0, 0, 0, 0, 0, 0, 0, 0, 0, 0, 0, 0, 0, 1,
       0, 0, 0, 0, 0, 0, 0, 0]))
0 欧氏距离： 0.0 244 归一化后的欧氏距离 1.0
1 欧氏距离： 0.0 493 归一化后的欧氏距离 1.0
2 欧氏距离： 1.0 1533 归一化后的欧氏距离 0.5
3 欧氏距离： 2.0 39 归一化后的欧氏距离 0.3333333333333333
4 欧氏距离： 2.0 160 归一化后的欧氏距离 0.3333333333333333
5 欧氏距离： 2.0 263 归一化后的欧氏距离 0.3333333333333333
6 欧氏距离： 2.0 646 归一化后的欧氏距离 0.3333333333333333
7 欧氏距离： 2.0 918 归一化后的欧氏距离 0.3333333333333333
8 欧氏距离： 2.0 1430 归一化后的欧氏距离 0.3333333333333333
9 欧氏距离： 2.0 1444 归一化后的欧氏距离 0.3333333333333333
**********************************************
抽取数： 1242
匹配数： 422
(13, array([0, 0, 0, 0, 0, 0, 0, 0, 0, 0, 0]), array([0, 1, 0, 1, 0, 0, 0, 0, 0, 0, 0, 0, 0, 0]), array([0, 0, 0, 0, 0, 0, 0, 0, 0, 0, 0, 0, 0, 0, 0, 1, 0, 0, 0, 0, 0, 1,
       0, 0, 0, 0, 0, 0, 0, 0]))
(13, array([0, 0, 0, 0, 0, 0, 0, 0, 0, 0, 0]), array([0, 1, 0, 1, 0, 0, 0, 0, 0, 0, 0, 0, 0, 0]), array([0, 0, 0, 0, 0, 0, 0, 0, 0, 0, 0, 0, 0, 0, 0, 1, 0, 0, 0, 0, 0, 1,
       0, 0, 0, 0, 0, 0, 0, 0]))
0 欧氏距离： 0.0 422 归一化后的欧氏距离 1.0
1 欧氏距离： 0.0 483 归一化后的欧氏距离 1.0
2 欧氏距离： 0.0 759 归一化后的欧氏距离 1.0
3 欧氏距离： 0.0 1224 归一化后的欧氏距离 1.0
4 欧氏距离： 0.0 1242 归一化后的欧氏距离 1.0
5 欧氏距离： 0.0 1441 归一化后的欧氏距离 1.0
6 欧氏距离： 1.0 36 归一化后的欧氏距离 0.5
7 欧氏距离： 1.0 79 归一化后的欧氏距离 0.5
8 欧氏距离： 1.0 274 归一化后的欧氏距离 0.5
9 欧氏距离： 1.0 460 归一化后的欧氏距离 0.5
**********************************************
0.95
